           0.00      1.00
           0.00      0.89
           0.00      0.68
           0.00      0.42
           0.00      0.17
           0.01      0.04
           0.01      0.03
           0.01      0.04
           0.01      0.05
           0.01      0.09
           0.01      0.48
           0.01      0.85
           0.01      0.99
           0.01      1.00
           0.01      1.00
           0.02      1.00
           0.02      1.00
           0.02      1.01
           0.02      1.01
           0.02      1.02
           0.02      1.02
           0.02      1.02
           0.02      0.97
           0.02      0.86
           0.02      0.79
           0.02      0.98
           0.03      0.99
           0.03      0.99
           0.03      1.00
           0.03      1.00
           0.03      1.00
           0.03      1.00
           0.03      1.00
           0.03      1.00
           0.03      1.00
           0.03      1.01
           0.04      1.01
           0.04      1.01
           0.04      1.01
           0.04      1.02
           0.04      1.02
           0.04      1.02
           0.04      1.02
           0.04      1.02
           0.04      1.00
           0.04      1.00
           0.04      1.00
           0.05      1.00
           0.05      1.00
           0.05      1.00
           0.05      1.00
           0.05      1.01
           0.05      1.01
           0.05      1.01
           0.05      1.01
           0.05      1.01
           0.05      1.01
           0.06      1.02
           0.06      1.02
           0.06      1.02
           0.06      1.02
           0.06      1.02
           0.06      1.02
           0.06      1.02
           0.06      1.03
           0.06      1.01
           0.06      1.00
           0.06      1.00
           0.07      1.00
           0.07      1.00
           0.07      1.01
           0.07      1.01
           0.07      1.01
           0.07      1.01
           0.07      1.01
           0.07      1.02
           0.07      1.02
           0.07      1.00
           0.08      1.02
           0.08      1.02
           0.08      1.01
           0.08      1.02
           0.08      1.02
           0.08      1.02
           0.08      1.03
           0.08      1.01
           0.08      1.03
           0.08      1.00
           0.08      1.00
           0.09      1.01
           0.09      1.01
           0.09      1.01
           0.09      1.02
           0.09      1.00
           0.09      1.02
           0.09      1.01
           0.09      1.01
           0.09      1.02
           0.09      1.01
           0.09      1.02
           0.10      1.01
           0.10      1.02
           0.10      1.01
           0.10      1.03
           0.10      1.01
           0.10      1.03
           0.10      1.02
           0.10      1.03
           0.10      1.03
           0.10      1.02
           0.11      1.01
           0.11      1.02
           0.11      1.00
           0.11      1.02
           0.11      1.00
           0.11      1.02
           0.11      1.00
           0.11      1.02
           0.11      1.00
           0.11      1.02
           0.11      1.01
           0.12      1.02
           0.12      1.02
           0.12      1.01
           0.12      1.03
           0.12      1.02
           0.12      1.02
           0.12      1.03
           0.12      1.00
           0.12      1.03
           0.12      1.02
           0.13      1.01
           0.13      1.02
           0.13      1.00
           0.13      1.02
           0.13      1.01
           0.13      1.01
           0.13      1.02
           0.13      1.01
           0.13      1.02
           0.13      1.02
           0.13      1.01
           0.14      1.03
           0.14      1.02
           0.14      1.02
           0.14      1.03
           0.14      1.01
           0.14      1.02
           0.14      1.03
           0.14      1.01
           0.14      1.02
           0.14      1.03
           0.15      1.02
           0.15      1.02
           0.15      1.02
           0.15      1.01
           0.15      1.02
           0.15      1.02
           0.15      1.02
           0.15      1.02
           0.15      1.02
           0.15      1.02
           0.15      1.02
           0.16      1.02
           0.16      1.02
           0.16      1.02
           0.16      1.03
           0.16      1.02
           0.16      1.02
           0.16      1.03
           0.16      1.02
           0.16      1.00
           0.16      1.03
           0.17      1.03
           0.17      1.01
           0.17      1.01
           0.17      1.02
           0.17      1.01
           0.17      1.01
           0.17      1.02
           0.17      1.02
           0.17      1.01
           0.17      1.02
           0.17      1.02
           0.18      1.01
           0.18      1.01
           0.18      1.02
           0.18      1.02
           0.18      1.01
           0.18      1.01
           0.18      1.03
           0.18      1.02
           0.18      1.02
           0.18      1.02
           0.19      1.03
           0.19      1.02
           0.19      1.01
           0.19      1.01
           0.19      1.00
           0.19      1.02
           0.19      1.01
           0.19      1.00
           0.19      1.01
           0.19      1.01
           0.19      1.01
           0.20      1.00
           0.20      1.01
           0.20      1.01
           0.20      1.01
           0.20      1.01
           0.20      1.01
           0.20      1.02
           0.20      1.01
           0.20      1.01
           0.20      1.01
           0.21      1.02
           0.21      1.00
           0.21      1.01
           0.21      1.01
           0.21      1.01
           0.21      1.00
           0.21      1.01
           0.21      1.02
           0.21      1.02
           0.21      1.01
           0.21      1.02
           0.22      1.01
           0.22      1.03
           0.22      1.02
           0.22      1.03
           0.22      1.02
           0.22      1.04
           0.22      1.03
           0.22      1.04
           0.22      1.04
           0.22      1.04
           0.23      1.07
           0.23      1.05
           0.23      1.07
           0.23      1.07
           0.23      1.08
           0.23      1.09
           0.23      1.10
           0.23      1.11
           0.23      1.13
           0.23      1.14
           0.23      1.15
           0.24      1.19
           0.24      1.20
           0.24      1.23
           0.24      1.26
           0.24      1.29
           0.24      1.35
           0.24      1.40
           0.24      1.47
           0.24      1.55
           0.24      1.66
           0.25      1.80
           0.25      2.00
           0.25      2.27
           0.25      2.58
           0.25      2.90
           0.25      3.11
           0.25      3.08
           0.25      2.90
           0.25      2.61
           0.25      2.30
           0.25      2.14
           0.26      2.02
           0.26      1.94
           0.26      1.87
           0.26      1.75
           0.26      1.70
           0.26      1.66
           0.26      1.64
           0.26      1.62
           0.26      1.58
           0.26      1.54
           0.27      1.52
           0.27      1.50
           0.27      1.49
           0.27      1.50
           0.27      1.46
           0.27      1.44
           0.27      1.43
           0.27      1.44
           0.27      1.41
           0.27      1.40
           0.27      1.39
           0.28      1.40
           0.28      1.39
           0.28      1.40
           0.28      1.37
           0.28      1.36
           0.28      1.37
           0.28      1.36
           0.28      1.37
           0.28      1.37
           0.28      1.34
           0.28      1.35
           0.29      1.36
           0.29      1.32
           0.29      1.35
           0.29      1.36
           0.29      1.33
           0.29      1.34
           0.29      1.34
           0.29      1.33
           0.29      1.34
           0.29      1.32
           0.30      1.33
           0.30      1.34
           0.30      1.34
           0.30      1.32
           0.30      1.33
           0.30      1.32
           0.30      1.33
           0.30      1.33
           0.30      1.34
           0.30      1.32
           0.30      1.33
           0.31      1.32
           0.31      1.32
           0.31      1.32
           0.31      1.34
           0.31      1.34
           0.31      1.34
           0.31      1.33
           0.31      1.32
           0.31      1.32
           0.31      1.32
           0.32      1.32
           0.32      1.34
           0.32      1.34
           0.32      1.33
           0.32      1.33
           0.32      1.32
           0.32      1.32
           0.32      1.33
           0.32      1.35
           0.32      1.35
           0.32      1.33
           0.33      1.33
           0.33      1.32
           0.33      1.31
           0.33      1.34
           0.33      1.36
           0.33      1.36
           0.33      1.33
           0.33      1.31
           0.33      1.31
           0.33      1.32
           0.34      1.34
           0.34      1.37
           0.34      1.36
           0.34      1.33
           0.34      1.33
           0.34      1.34
           0.34      1.35
           0.34      1.36
           0.34      1.38
           0.34      1.38
           0.34      1.36
           0.35      1.36
           0.35      1.37
           0.35      1.37
           0.35      1.38
           0.35      1.39
           0.35      1.40
           0.35      1.39
           0.35      1.38
           0.35      1.38
           0.35      1.39
           0.36      1.40
           0.36      1.41
           0.36      1.40
           0.36      1.39
           0.36      1.40
           0.36      1.41
           0.36      1.41
           0.36      1.42
           0.36      1.42
           0.36      1.44
           0.36      1.42
           0.37      1.42
           0.37      1.43
           0.37      1.43
           0.37      1.44
           0.37      1.44
           0.37      1.45
           0.37      1.46
           0.37      1.44
           0.37      1.45
           0.37      1.46
           0.38      1.46
           0.38      1.47
           0.38      1.47
           0.38      1.47
           0.38      1.47
           0.38      1.47
           0.38      1.49
           0.38      1.48
           0.38      1.49
           0.38      1.51
           0.38      1.50
           0.39      1.50
           0.39      1.49
           0.39      1.51
           0.39      1.52
           0.39      1.51
           0.39      1.52
           0.39      1.54
           0.39      1.55
           0.39      1.53
           0.39      1.52
           0.40      1.55
           0.40      1.56
           0.40      1.55
           0.40      1.53
           0.40      1.56
           0.40      1.58
           0.40      1.57
           0.40      1.55
           0.40      1.58
           0.40      1.61
           0.40      1.61
           0.41      1.59
           0.41      1.61
           0.41      1.63
           0.41      1.63
           0.41      1.61
           0.41      1.63
           0.41      1.65
           0.41      1.67
           0.41      1.67
           0.41      1.66
           0.42      1.68
           0.42      1.70
           0.42      1.68
           0.42      1.69
           0.42      1.71
           0.42      1.71
           0.42      1.71
           0.42      1.73
           0.42      1.73
           0.42      1.76
           0.42      1.78
           0.43      1.76
           0.43      1.78
           0.43      1.80
           0.43      1.79
           0.43      1.81
           0.43      1.82
           0.43      1.81
           0.43      1.86
           0.43      1.88
           0.43      1.87
           0.44      1.89
           0.44      1.91
           0.44      1.90
           0.44      1.93
           0.44      1.93
           0.44      1.94
           0.44      1.96
           0.44      1.96
           0.44      1.99
           0.44      2.02
           0.44      2.05
           0.45      2.05
           0.45      2.08
           0.45      2.08
           0.45      2.11
           0.45      2.12
           0.45      2.14
           0.45      2.15
           0.45      2.18
           0.45      2.24
           0.45      2.26
           0.46      2.28
           0.46      2.30
           0.46      2.32
           0.46      2.34
           0.46      2.37
           0.46      2.39
           0.46      2.42
           0.46      2.46
           0.46      2.48
           0.46      2.55
           0.46      2.61
           0.47      2.64
           0.47      2.68
           0.47      2.72
           0.47      2.76
           0.47      2.80
           0.47      2.85
           0.47      2.90
           0.47      2.96
           0.47      3.07
           0.47      3.17
           0.47      3.24
           0.48      3.31
           0.48      3.38
           0.48      3.46
           0.48      3.55
           0.48      3.65
           0.48      3.76
           0.48      3.88
           0.48      4.01
           0.48      4.24
           0.48      4.47
           0.49      4.66
           0.49      4.85
           0.49      5.06
           0.49      5.30
           0.49      5.58
           0.49      5.90
           0.49      6.28
           0.49      6.70
           0.49      7.35
           0.49      8.10
           0.49      8.84
           0.50      9.53
           0.50     10.11
           0.50     10.68
           0.50     11.14
           0.50     11.33
           0.50     11.21
           0.50     10.79
           0.50     10.16
           0.50      9.49
           0.50      8.80
           0.51      8.06
           0.51      7.31
           0.51      6.53
           0.51      5.98
           0.51      5.55
           0.51      5.18
           0.51      4.85
           0.51      4.57
           0.51      4.32
           0.51      4.10
           0.51      3.90
           0.52      3.70
           0.52      3.50
           0.52      3.30
           0.52      3.17
           0.52      3.04
           0.52      2.93
           0.52      2.83
           0.52      2.74
           0.52      2.65
           0.52      2.57
           0.53      2.49
           0.53      2.42
           0.53      2.34
           0.53      2.25
           0.53      2.20
           0.53      2.14
           0.53      2.09
           0.53      2.04
           0.53      2.00
           0.53      1.96
           0.53      1.91
           0.54      1.88
           0.54      1.83
           0.54      1.79
           0.54      1.75
           0.54      1.72
           0.54      1.69
           0.54      1.66
           0.54      1.64
           0.54      1.61
           0.54      1.58
           0.55      1.56
           0.55      1.54
           0.55      1.51
           0.55      1.49
           0.55      1.47
           0.55      1.45
           0.55      1.43
           0.55      1.41
           0.55      1.39
           0.55      1.38
           0.55      1.36
           0.56      1.34
           0.56      1.33
           0.56      1.31
           0.56      1.30
           0.56      1.29
           0.56      1.27
           0.56      1.26
           0.56      1.25
           0.56      1.24
           0.56      1.23
           0.57      1.22
           0.57      1.21
           0.57      1.20
           0.57      1.19
           0.57      1.18
           0.57      1.17
           0.57      1.16
           0.57      1.15
           0.57      1.15
           0.57      1.14
           0.57      1.13
           0.58      1.12
           0.58      1.12
           0.58      1.11
           0.58      1.11
           0.58      1.10
           0.58      1.10
           0.58      1.09
           0.58      1.08
           0.58      1.08
           0.58      1.07
           0.59      1.07
           0.59      1.06
           0.59      1.05
           0.59      1.05
           0.59      1.05
           0.59      1.05
           0.59      1.04
           0.59      1.03
           0.59      1.03
           0.59      1.03
           0.59      1.02
           0.60      1.01
           0.60      1.02
           0.60      1.02
           0.60      1.01
           0.60      1.00
           0.60      1.01
           0.60      1.01
           0.60      1.00
           0.60      0.99
           0.60      0.99
           0.61      0.99
           0.61      0.99
           0.61      0.98
           0.61      0.98
           0.61      0.99
           0.61      0.99
           0.61      0.98
           0.61      0.98
           0.61      0.98
           0.61      0.97
           0.61      0.97
           0.62      0.97
           0.62      0.97
           0.62      0.97
           0.62      0.97
           0.62      0.97
           0.62      0.97
           0.62      0.97
           0.62      0.97
           0.62      0.96
           0.62      0.97
           0.63      0.96
           0.63      0.96
           0.63      0.96
           0.63      0.96
           0.63      0.97
           0.63      0.97
           0.63      0.96
           0.63      0.96
           0.63      0.96
           0.63      0.96
           0.63      0.95
           0.64      0.96
           0.64      0.97
           0.64      0.96
           0.64      0.96
           0.64      0.96
           0.64      0.96
           0.64      0.97
           0.64      0.97
           0.64      0.97
           0.64      0.97
           0.65      0.96
           0.65      0.96
           0.65      0.96
           0.65      0.97
           0.65      0.98
           0.65      0.98
           0.65      0.97
           0.65      0.97
           0.65      0.97
           0.65      0.97
           0.65      0.98
           0.66      0.99
           0.66      0.99
           0.66      0.98
           0.66      0.98
           0.66      0.98
           0.66      0.99
           0.66      1.00
           0.66      1.00
           0.66      1.00
           0.66      0.99
           0.66      0.98
           0.67      0.99
           0.67      1.00
           0.67      1.01
           0.67      1.02
           0.67      1.01
           0.67      1.01
           0.67      1.00
           0.67      1.01
           0.67      1.02
           0.67      1.03
           0.68      1.03
           0.68      1.03
           0.68      1.02
           0.68      1.03
           0.68      1.04
           0.68      1.05
           0.68      1.06
           0.68      1.06
           0.68      1.06
           0.68      1.05
           0.68      1.06
           0.69      1.06
           0.69      1.07
           0.69      1.08
           0.69      1.08
           0.69      1.08
           0.69      1.08
           0.69      1.08
           0.69      1.09
           0.69      1.10
           0.69      1.10
           0.70      1.10
           0.70      1.10
           0.70      1.10
           0.70      1.11
           0.70      1.12
           0.70      1.12
           0.70      1.13
           0.70      1.14
           0.70      1.13
           0.70      1.13
           0.70      1.14
           0.71      1.14
           0.71      1.15
           0.71      1.16
           0.71      1.16
           0.71      1.15
           0.71      1.16
           0.71      1.16
           0.71      1.17
           0.71      1.18
           0.71      1.18
           0.72      1.18
           0.72      1.18
           0.72      1.19
           0.72      1.20
           0.72      1.20
           0.72      1.20
           0.72      1.21
           0.72      1.22
           0.72      1.22
           0.72      1.22
           0.72      1.22
           0.73      1.22
           0.73      1.24
           0.73      1.24
           0.73      1.24
           0.73      1.24
           0.73      1.24
           0.73      1.25
           0.73      1.26
           0.73      1.26
           0.73      1.26
           0.74      1.26
           0.74      1.27
           0.74      1.28
           0.74      1.28
           0.74      1.29
           0.74      1.28
           0.74      1.30
           0.74      1.31
           0.74      1.31
           0.74      1.31
           0.74      1.31
           0.75      1.31
           0.75      1.33
           0.75      1.33
           0.75      1.34
           0.75      1.33
           0.75      1.33
           0.75      1.35
           0.75      1.36
           0.75      1.36
           0.75      1.35
           0.76      1.35
           0.76      1.37
           0.76      1.38
           0.76      1.38
           0.76      1.38
           0.76      1.37
           0.76      1.39
           0.76      1.41
           0.76      1.42
           0.76      1.42
           0.76      1.41
           0.77      1.41
           0.77      1.43
           0.77      1.44
           0.77      1.44
           0.77      1.44
           0.77      1.44
           0.77      1.45
           0.77      1.46
           0.77      1.46
           0.77      1.46
           0.78      1.46
           0.78      1.48
           0.78      1.48
           0.78      1.48
           0.78      1.48
           0.78      1.49
           0.78      1.50
           0.78      1.51
           0.78      1.53
           0.78      1.53
           0.78      1.54
           0.79      1.53
           0.79      1.54
           0.79      1.55
           0.79      1.56
           0.79      1.56
           0.79      1.56
           0.79      1.57
           0.79      1.58
           0.79      1.58
           0.79      1.58
           0.80      1.59
           0.80      1.60
           0.80      1.61
           0.80      1.60
           0.80      1.61
           0.80      1.63
           0.80      1.63
           0.80      1.63
           0.80      1.65
           0.80      1.67
           0.80      1.67
           0.81      1.67
           0.81      1.67
           0.81      1.69
           0.81      1.70
           0.81      1.70
           0.81      1.70
           0.81      1.71
           0.81      1.72
           0.81      1.72
           0.81      1.73
           0.82      1.74
           0.82      1.75
           0.82      1.75
           0.82      1.76
           0.82      1.77
           0.82      1.78
           0.82      1.77
           0.82      1.79
           0.82      1.80
           0.82      1.82
           0.82      1.83
           0.83      1.84
           0.83      1.84
           0.83      1.85
           0.83      1.86
           0.83      1.87
           0.83      1.87
           0.83      1.89
           0.83      1.90
           0.83      1.90
           0.83      1.91
           0.84      1.92
           0.84      1.92
           0.84      1.93
           0.84      1.94
           0.84      1.95
           0.84      1.95
           0.84      1.97
           0.84      1.98
           0.84      1.98
           0.84      2.01
           0.84      2.03
           0.85      2.04
           0.85      2.05
           0.85      2.05
           0.85      2.07
           0.85      2.08
           0.85      2.08
           0.85      2.10
           0.85      2.11
           0.85      2.11
           0.85      2.13
           0.85      2.14
           0.86      2.14
           0.86      2.16
           0.86      2.17
           0.86      2.18
           0.86      2.19
           0.86      2.20
           0.86      2.21
           0.86      2.23
           0.86      2.24
           0.86      2.27
           0.87      2.30
           0.87      2.31
           0.87      2.32
           0.87      2.34
           0.87      2.35
           0.87      2.35
           0.87      2.37
           0.87      2.39
           0.87      2.40
           0.87      2.42
           0.87      2.43
           0.88      2.44
           0.88      2.46
           0.88      2.47
           0.88      2.49
           0.88      2.50
           0.88      2.52
           0.88      2.53
           0.88      2.55
           0.88      2.56
           0.88      2.59
           0.89      2.63
           0.89      2.66
           0.89      2.68
           0.89      2.69
           0.89      2.71
           0.89      2.72
           0.89      2.75
           0.89      2.76
           0.89      2.78
           0.89      2.80
           0.89      2.82
           0.90      2.84
           0.90      2.86
           0.90      2.88
           0.90      2.90
           0.90      2.92
           0.90      2.94
           0.90      2.97
           0.90      2.99
           0.90      3.01
           0.90      3.04
           0.91      3.10
           0.91      3.14
           0.91      3.18
           0.91      3.20
           0.91      3.23
           0.91      3.25
           0.91      3.28
           0.91      3.30
           0.91      3.34
           0.91      3.36
           0.91      3.39
           0.92      3.42
           0.92      3.45
           0.92      3.48
           0.92      3.51
           0.92      3.55
           0.92      3.58
           0.92      3.62
           0.92      3.65
           0.92      3.69
           0.92      3.73
           0.93      3.80
           0.93      3.87
           0.93      3.94
           0.93      3.99
           0.93      4.02
           0.93      4.07
           0.93      4.11
           0.93      4.15
           0.93      4.20
           0.93      4.25
           0.93      4.30
           0.94      4.35
           0.94      4.40
           0.94      4.45
           0.94      4.51
           0.94      4.57
           0.94      4.62
           0.94      4.69
           0.94      4.75
           0.94      4.81
           0.94      4.88
           0.95      4.98
           0.95      5.11
           0.95      5.23
           0.95      5.34
           0.95      5.42
           0.95      5.50
           0.95      5.58
           0.95      5.67
           0.95      5.76
           0.95      5.85
           0.95      5.95
           0.96      6.05
           0.96      6.16
           0.96      6.27
           0.96      6.38
           0.96      6.51
           0.96      6.63
           0.96      6.77
           0.96      6.91
           0.96      7.05
           0.96      7.22
           0.97      7.41
           0.97      7.68
           0.97      7.94
           0.97      8.20
           0.97      8.44
           0.97      8.65
           0.97      8.86
           0.97      9.08
           0.97      9.31
           0.97      9.56
           0.97      9.83
           0.98     10.11
           0.98     10.42
           0.98     10.74
           0.98     11.10
           0.98     11.47
           0.98     11.88
           0.98     12.31
           0.98     12.78
           0.98     13.27
           0.98     13.79
           0.99     14.58
           0.99     15.42
           0.99     16.21
           0.99     17.10
           0.99     17.99
           0.99     18.87
           0.99     19.72
           0.99     20.53
           0.99     21.29
           0.99     22.00
           0.99     22.72
           1.00     23.44
           1.00     24.11
           1.00     24.64
           1.00     25.01
           1.00     25.20
           1.00     25.20
           1.00     25.02
           1.00     24.65
           1.00     24.12
           1.00     23.46
           1.01     22.73
           1.01     21.98
           1.01     21.25
           1.01     20.50
           1.01     19.70
           1.01     18.86
           1.01     17.99
           1.01     17.11
           1.01     16.23
           1.01     15.36
           1.01     14.45
           1.02     13.67
           1.02     13.14
           1.02     12.65
           1.02     12.17
           1.02     11.73
           1.02     11.31
           1.02     10.93
           1.02     10.57
           1.02     10.24
           1.02      9.93
           1.03      9.64
           1.03      9.37
           1.03      9.12
           1.03      8.88
           1.03      8.65
           1.03      8.44
           1.03      8.24
           1.03      8.02
           1.03      7.78
           1.03      7.54
           1.03      7.28
           1.04      7.03
           1.04      6.84
           1.04      6.69
           1.04      6.55
           1.04      6.42
           1.04      6.29
           1.04      6.17
           1.04      6.05
           1.04      5.94
           1.04      5.83
           1.04      5.73
           1.05      5.63
           1.05      5.53
           1.05      5.44
           1.05      5.35
           1.05      5.27
           1.05      5.19
           1.05      5.11
           1.05      5.03
           1.05      4.93
           1.05      4.82
           1.06      4.70
           1.06      4.59
           1.06      4.52
           1.06      4.46
           1.06      4.40
           1.06      4.34
           1.06      4.28
           1.06      4.23
           1.06      4.17
           1.06      4.12
           1.06      4.07
           1.07      4.02
           1.07      3.97
           1.07      3.93
           1.07      3.88
           1.07      3.84
           1.07      3.80
           1.07      3.75
           1.07      3.71
           1.07      3.67
           1.07      3.61
           1.08      3.55
           1.08      3.48
           1.08      3.43
           1.08      3.39
           1.08      3.36
           1.08      3.32
           1.08      3.29
           1.08      3.26
           1.08      3.23
           1.08      3.20
           1.08      3.17
           1.09      3.14
           1.09      3.11
           1.09      3.08
           1.09      3.05
           1.09      3.03
           1.09      3.00
           1.09      2.98
           1.09      2.95
           1.09      2.93
           1.09      2.90
           1.10      2.86
           1.10      2.82
           1.10      2.77
           1.10      2.75
           1.10      2.73
           1.10      2.70
           1.10      2.68
           1.10      2.66
           1.10      2.64
           1.10      2.62
           1.10      2.60
           1.11      2.58
           1.11      2.56
           1.11      2.55
           1.11      2.52
           1.11      2.51
           1.11      2.49
           1.11      2.47
           1.11      2.46
           1.11      2.44
           1.11      2.42
           1.12      2.40
           1.12      2.38
           1.12      2.35
           1.12      2.32
           1.12      2.30
           1.12      2.29
           1.12      2.27
           1.12      2.26
           1.12      2.24
           1.12      2.23
           1.12      2.22
           1.13      2.20
           1.13      2.19
           1.13      2.18
           1.13      2.16
           1.13      2.15
           1.13      2.14
           1.13      2.12
           1.13      2.11
           1.13      2.10
           1.13      2.09
           1.14      2.08
           1.14      2.06
           1.14      2.04
           1.14      2.02
           1.14      2.00
           1.14      1.99
           1.14      1.98
           1.14      1.97
           1.14      1.95
           1.14      1.95
           1.14      1.94
           1.15      1.92
           1.15      1.92
           1.15      1.90
           1.15      1.89
           1.15      1.89
           1.15      1.88
           1.15      1.86
           1.15      1.86
           1.15      1.85
           1.15      1.84
           1.16      1.83
           1.16      1.82
           1.16      1.81
           1.16      1.80
           1.16      1.78
           1.16      1.77
           1.16      1.76
           1.16      1.75
           1.16      1.74
           1.16      1.73
           1.16      1.72
           1.17      1.72
           1.17      1.71
           1.17      1.70
           1.17      1.69
           1.17      1.69
           1.17      1.68
           1.17      1.67
           1.17      1.66
           1.17      1.66
           1.17      1.65
           1.18      1.64
           1.18      1.63
           1.18      1.63
           1.18      1.62
           1.18      1.61
           1.18      1.59
           1.18      1.58
           1.18      1.58
           1.18      1.57
           1.18      1.56
           1.18      1.55
           1.19      1.55
           1.19      1.55
           1.19      1.54
           1.19      1.53
           1.19      1.53
           1.19      1.52
           1.19      1.51
           1.19      1.51
           1.19      1.50
           1.19      1.50
           1.20      1.49
           1.20      1.48
           1.20      1.48
           1.20      1.48
           1.20      1.47
           1.20      1.46
           1.20      1.44
           1.20      1.44
           1.20      1.43
           1.20      1.42
           1.20      1.42
           1.21      1.42
           1.21      1.41
           1.21      1.40
           1.21      1.40
           1.21      1.40
           1.21      1.39
           1.21      1.39
           1.21      1.38
           1.21      1.38
           1.21      1.38
           1.22      1.37
           1.22      1.36
           1.22      1.36
           1.22      1.36
           1.22      1.35
           1.22      1.35
           1.22      1.34
           1.22      1.33
           1.22      1.32
           1.22      1.32
           1.22      1.31
           1.23      1.31
           1.23      1.30
           1.23      1.30
           1.23      1.30
           1.23      1.29
           1.23      1.29
           1.23      1.28
           1.23      1.28
           1.23      1.28
           1.23      1.27
           1.23      1.27
           1.24      1.26
           1.24      1.26
           1.24      1.26
           1.24      1.25
           1.24      1.25
           1.24      1.25
           1.24      1.24
           1.24      1.23
           1.24      1.22
           1.24      1.22
           1.25      1.22
           1.25      1.21
           1.25      1.21
           1.25      1.21
           1.25      1.21
           1.25      1.20
           1.25      1.20
           1.25      1.19
           1.25      1.19
           1.25      1.19
           1.25      1.19
           1.26      1.18
           1.26      1.18
           1.26      1.17
           1.26      1.17
           1.26      1.17
           1.26      1.17
           1.26      1.16
           1.26      1.15
           1.26      1.15
           1.26      1.15
           1.27      1.14
           1.27      1.14
           1.27      1.13
           1.27      1.13
           1.27      1.13
           1.27      1.13
           1.27      1.12
           1.27      1.12
           1.27      1.11
           1.27      1.11
           1.27      1.11
           1.28      1.11
           1.28      1.11
           1.28      1.10
           1.28      1.10
           1.28      1.10
           1.28      1.10
           1.28      1.09
           1.28      1.09
           1.28      1.08
           1.28      1.08
           1.29      1.08
           1.29      1.07
           1.29      1.07
           1.29      1.07
           1.29      1.07
           1.29      1.06
           1.29      1.06
           1.29      1.05
           1.29      1.05
           1.29      1.05
           1.29      1.05
           1.30      1.05
           1.30      1.05
           1.30      1.04
           1.30      1.04
           1.30      1.04
           1.30      1.04
           1.30      1.03
           1.30      1.03
           1.30      1.03
           1.30      1.02
           1.31      1.02
           1.31      1.01
           1.31      1.01
           1.31      1.01
           1.31      1.01
           1.31      1.01
           1.31      1.00
           1.31      1.00
           1.31      0.99
           1.31      1.00
           1.31      1.00
           1.32      0.99
           1.32      0.99
           1.32      0.99
           1.32      0.98
           1.32      0.98
           1.32      0.98
           1.32      0.98
           1.32      0.98
           1.32      0.98
           1.32      0.97
           1.33      0.97
           1.33      0.96
           1.33      0.96
           1.33      0.96
           1.33      0.96
           1.33      0.96
           1.33      0.96
           1.33      0.95
           1.33      0.95
           1.33      0.95
           1.33      0.95
           1.34      0.95
           1.34      0.95
           1.34      0.94
           1.34      0.94
           1.34      0.94
           1.34      0.93
           1.34      0.93
           1.34      0.93
           1.34      0.93
           1.34      0.93
           1.35      0.93
           1.35      0.92
           1.35      0.92
           1.35      0.92
           1.35      0.92
           1.35      0.92
           1.35      0.91
           1.35      0.91
           1.35      0.91
           1.35      0.90
           1.35      0.90
           1.36      0.91
           1.36      0.90
           1.36      0.90
           1.36      0.90
           1.36      0.90
           1.36      0.89
           1.36      0.89
           1.36      0.89
           1.36      0.89
           1.36      0.89
           1.37      0.89
           1.37      0.89
           1.37      0.88
           1.37      0.88
           1.37      0.88
           1.37      0.88
           1.37      0.88
           1.37      0.87
           1.37      0.87
           1.37      0.87
           1.37      0.87
           1.38      0.87
           1.38      0.87
           1.38      0.87
           1.38      0.86
           1.38      0.86
           1.38      0.86
           1.38      0.86
           1.38      0.86
           1.38      0.86
           1.38      0.86
           1.39      0.85
           1.39      0.85
           1.39      0.85
           1.39      0.85
           1.39      0.85
           1.39      0.84
           1.39      0.84
           1.39      0.84
           1.39      0.84
           1.39      0.84
           1.39      0.83
           1.40      0.83
           1.40      0.83
           1.40      0.83
           1.40      0.83
           1.40      0.83
           1.40      0.83
           1.40      0.82
           1.40      0.82
           1.40      0.82
           1.40      0.82
           1.41      0.82
           1.41      0.82
           1.41      0.82
           1.41      0.82
           1.41      0.81
           1.41      0.81
           1.41      0.81
           1.41      0.81
           1.41      0.81
           1.41      0.81
           1.41      0.80
           1.42      0.80
           1.42      0.80
           1.42      0.80
           1.42      0.80
           1.42      0.80
           1.42      0.80
           1.42      0.80
           1.42      0.79
           1.42      0.79
           1.42      0.79
           1.42      0.79
           1.43      0.79
           1.43      0.79
           1.43      0.79
           1.43      0.79
           1.43      0.79
           1.43      0.78
           1.43      0.78
           1.43      0.78
           1.43      0.78
           1.43      0.78
           1.44      0.78
           1.44      0.78
           1.44      0.78
           1.44      0.78
           1.44      0.77
           1.44      0.77
           1.44      0.77
           1.44      0.77
           1.44      0.77
           1.44      0.76
           1.44      0.77
           1.45      0.77
           1.45      0.77
           1.45      0.76
           1.45      0.76
           1.45      0.76
           1.45      0.76
           1.45      0.76
           1.45      0.76
           1.45      0.75
           1.45      0.75
           1.46      0.75
           1.46      0.75
           1.46      0.75
           1.46      0.75
           1.46      0.75
           1.46      0.75
           1.46      0.75
           1.46      0.74
           1.46      0.74
           1.46      0.74
           1.46      0.74
           1.47      0.74
           1.47      0.74
           1.47      0.74
           1.47      0.74
           1.47      0.74
           1.47      0.74
           1.47      0.73
           1.47      0.73
           1.47      0.73
           1.47      0.73
           1.48      0.73
           1.48      0.73
           1.48      0.73
           1.48      0.73
           1.48      0.73
           1.48      0.73
           1.48      0.73
           1.48      0.72
           1.48      0.72
           1.48      0.72
           1.48      0.72
           1.49      0.72
           1.49      0.72
           1.49      0.72
           1.49      0.72
           1.49      0.72
           1.49      0.72
           1.49      0.72
           1.49      0.71
           1.49      0.71
           1.49      0.71
           1.50      0.71
           1.50      0.71
           1.50      0.71
           1.50      0.71
           1.50      0.71
           1.50      0.71
           1.50      0.71
           1.50      0.70
           1.50      0.70
           1.50      0.70
           1.50      0.70
           1.51      0.70
           1.51      0.70
           1.51      0.70
           1.51      0.70
           1.51      0.70
           1.51      0.70
           1.51      0.70
           1.51      0.70
           1.51      0.69
           1.51      0.69
           1.52      0.69
           1.52      0.69
           1.52      0.69
           1.52      0.69
           1.52      0.69
           1.52      0.69
           1.52      0.69
           1.52      0.69
           1.52      0.68
           1.52      0.68
           1.52      0.68
           1.53      0.68
           1.53      0.68
           1.53      0.68
           1.53      0.68
           1.53      0.68
           1.53      0.68
           1.53      0.68
           1.53      0.68
           1.53      0.68
           1.53      0.67
           1.54      0.67
           1.54      0.67
           1.54      0.67
           1.54      0.67
           1.54      0.67
           1.54      0.67
           1.54      0.67
           1.54      0.67
           1.54      0.67
           1.54      0.67
           1.54      0.66
           1.55      0.66
           1.55      0.66
           1.55      0.66
           1.55      0.66
           1.55      0.66
           1.55      0.66
           1.55      0.66
           1.55      0.66
           1.55      0.66
           1.55      0.66
           1.56      0.66
           1.56      0.66
           1.56      0.66
           1.56      0.66
           1.56      0.66
           1.56      0.66
           1.56      0.65
           1.56      0.65
           1.56      0.65
           1.56      0.65
           1.56      0.65
           1.57      0.65
           1.57      0.65
           1.57      0.65
           1.57      0.65
           1.57      0.65
           1.57      0.65
           1.57      0.65
           1.57      0.65
           1.57      0.65
           1.57      0.65
           1.58      0.64
           1.58      0.64
           1.58      0.64
           1.58      0.64
           1.58      0.64
           1.58      0.64
           1.58      0.64
           1.58      0.64
           1.58      0.64
           1.58      0.64
           1.58      0.64
           1.59      0.64
           1.59      0.63
           1.59      0.63
           1.59      0.63
           1.59      0.63
           1.59      0.63
           1.59      0.63
           1.59      0.63
           1.59      0.63
           1.59      0.63
           1.60      0.63
           1.60      0.63
           1.60      0.63
           1.60      0.63
           1.60      0.63
           1.60      0.63
           1.60      0.63
           1.60      0.63
           1.60      0.63
           1.60      0.62
           1.60      0.62
           1.61      0.62
           1.61      0.62
           1.61      0.62
           1.61      0.62
           1.61      0.62
           1.61      0.62
           1.61      0.62
           1.61      0.62
           1.61      0.62
           1.61      0.62
           1.61      0.62
           1.62      0.62
           1.62      0.62
           1.62      0.61
           1.62      0.61
           1.62      0.61
           1.62      0.61
           1.62      0.61
           1.62      0.61
           1.62      0.61
           1.62      0.61
           1.63      0.61
           1.63      0.61
           1.63      0.61
           1.63      0.61
           1.63      0.61
           1.63      0.61
           1.63      0.61
           1.63      0.61
           1.63      0.61
           1.63      0.61
           1.63      0.61
           1.64      0.61
           1.64      0.60
           1.64      0.60
           1.64      0.60
           1.64      0.60
           1.64      0.60
           1.64      0.60
           1.64      0.60
           1.64      0.60
           1.64      0.60
           1.65      0.60
           1.65      0.60
           1.65      0.60
           1.65      0.60
           1.65      0.60
           1.65      0.60
           1.65      0.60
           1.65      0.59
           1.65      0.59
           1.65      0.59
           1.65      0.59
           1.66      0.59
           1.66      0.59
           1.66      0.59
           1.66      0.59
           1.66      0.59
           1.66      0.59
           1.66      0.59
           1.66      0.59
           1.66      0.59
           1.66      0.59
           1.67      0.59
           1.67      0.59
           1.67      0.59
           1.67      0.59
           1.67      0.59
           1.67      0.59
           1.67      0.59
           1.67      0.58
           1.67      0.58
           1.67      0.58
           1.67      0.58
           1.68      0.58
           1.68      0.58
           1.68      0.58
           1.68      0.58
           1.68      0.58
           1.68      0.58
           1.68      0.58
           1.68      0.58
           1.68      0.58
           1.68      0.58
           1.69      0.58
           1.69      0.58
           1.69      0.58
           1.69      0.58
           1.69      0.58
           1.69      0.58
           1.69      0.58
           1.69      0.57
           1.69      0.57
           1.69      0.57
           1.69      0.57
           1.70      0.57
           1.70      0.57
           1.70      0.57
           1.70      0.57
           1.70      0.57
           1.70      0.57
           1.70      0.57
           1.70      0.57
           1.70      0.57
           1.70      0.57
           1.71      0.57
           1.71      0.57
           1.71      0.57
           1.71      0.57
           1.71      0.57
           1.71      0.57
           1.71      0.57
           1.71      0.57
           1.71      0.56
           1.71      0.56
           1.71      0.56
           1.72      0.56
           1.72      0.56
           1.72      0.56
           1.72      0.56
           1.72      0.56
           1.72      0.56
           1.72      0.56
           1.72      0.56
           1.72      0.56
           1.72      0.56
           1.73      0.56
           1.73      0.56
           1.73      0.56
           1.73      0.56
           1.73      0.56
           1.73      0.56
           1.73      0.56
           1.73      0.56
           1.73      0.56
           1.73      0.56
           1.73      0.55
           1.74      0.55
           1.74      0.55
           1.74      0.55
           1.74      0.55
           1.74      0.55
           1.74      0.55
           1.74      0.55
           1.74      0.55
           1.74      0.55
           1.74      0.55
           1.75      0.55
           1.75      0.55
           1.75      0.55
           1.75      0.55
           1.75      0.55
           1.75      0.55
           1.75      0.55
           1.75      0.55
           1.75      0.55
           1.75      0.55
           1.75      0.55
           1.76      0.55
           1.76      0.55
           1.76      0.55
           1.76      0.55
           1.76      0.55
           1.76      0.55
           1.76      0.55
           1.76      0.54
           1.76      0.54
           1.76      0.54
           1.77      0.54
           1.77      0.54
           1.77      0.54
           1.77      0.54
           1.77      0.54
           1.77      0.54
           1.77      0.54
           1.77      0.54
           1.77      0.54
           1.77      0.54
           1.77      0.54
           1.78      0.54
           1.78      0.54
           1.78      0.54
           1.78      0.54
           1.78      0.54
           1.78      0.54
           1.78      0.54
           1.78      0.54
           1.78      0.54
           1.78      0.54
           1.79      0.54
           1.79      0.54
           1.79      0.53
           1.79      0.53
           1.79      0.53
           1.79      0.53
           1.79      0.53
           1.79      0.53
           1.79      0.53
           1.79      0.53
           1.79      0.53
           1.80      0.53
           1.80      0.53
           1.80      0.53
           1.80      0.53
           1.80      0.53
           1.80      0.53
           1.80      0.53
           1.80      0.53
           1.80      0.53
           1.80      0.53
           1.80      0.53
           1.81      0.53
           1.81      0.53
           1.81      0.53
           1.81      0.53
           1.81      0.53
           1.81      0.53
           1.81      0.53
           1.81      0.53
           1.81      0.52
           1.81      0.52
           1.82      0.52
           1.82      0.52
           1.82      0.52
           1.82      0.52
           1.82      0.52
           1.82      0.52
           1.82      0.52
           1.82      0.52
           1.82      0.52
           1.82      0.52
           1.82      0.52
           1.83      0.52
           1.83      0.52
           1.83      0.52
           1.83      0.52
           1.83      0.52
           1.83      0.52
           1.83      0.52
           1.83      0.52
           1.83      0.52
           1.83      0.52
           1.84      0.52
           1.84      0.52
           1.84      0.52
           1.84      0.52
           1.84      0.52
           1.84      0.52
           1.84      0.52
           1.84      0.52
           1.84      0.52
           1.84      0.52
           1.84      0.52
           1.85      0.51
           1.85      0.51
           1.85      0.51
           1.85      0.51
           1.85      0.51
           1.85      0.51
           1.85      0.51
           1.85      0.51
           1.85      0.51
           1.85      0.51
           1.86      0.51
           1.86      0.51
           1.86      0.51
           1.86      0.51
           1.86      0.51
           1.86      0.51
           1.86      0.51
           1.86      0.51
           1.86      0.51
           1.86      0.51
           1.86      0.51
           1.87      0.51
           1.87      0.51
           1.87      0.51
           1.87      0.51
           1.87      0.51
           1.87      0.51
           1.87      0.51
           1.87      0.51
           1.87      0.51
           1.87      0.51
           1.88      0.51
           1.88      0.50
           1.88      0.50
           1.88      0.50
           1.88      0.50
           1.88      0.50
           1.88      0.50
           1.88      0.50
           1.88      0.50
           1.88      0.50
           1.88      0.50
           1.89      0.50
           1.89      0.50
           1.89      0.50
           1.89      0.50
           1.89      0.50
           1.89      0.50
           1.89      0.50
           1.89      0.50
           1.89      0.50
           1.89      0.50
           1.90      0.50
           1.90      0.50
           1.90      0.50
           1.90      0.50
           1.90      0.50
           1.90      0.50
