                0.00      0.52
                0.00      0.51
                0.00      0.51
                0.00      0.51
                0.00      0.51
                0.00      0.51
                0.01      0.51
                0.01      0.50
                0.01      0.50
                0.01      0.50
                0.01      0.50
                0.01      0.49
                0.01      0.49
                0.01      0.48
                0.01      0.48
                0.01      0.48
                0.01      0.50
                0.01      0.50
                0.01      0.50
                0.01      0.50
                0.02      0.50
                0.02      0.50
                0.02      0.50
                0.02      0.50
                0.02      0.50
                0.02      0.50
                0.02      0.50
                0.02      0.50
                0.02      0.50
                0.02      0.50
                0.02      0.50
                0.02      0.50
                0.02      0.50
                0.03      0.50
                0.03      0.50
                0.03      0.50
                0.03      0.50
                0.03      0.50
                0.03      0.50
                0.03      0.50
                0.03      0.50
                0.03      0.50
                0.03      0.50
                0.03      0.50
                0.03      0.50
                0.03      0.50
                0.04      0.50
                0.04      0.50
                0.04      0.50
                0.04      0.50
                0.04      0.50
                0.04      0.50
                0.04      0.50
                0.04      0.50
                0.04      0.50
                0.04      0.50
                0.04      0.50
                0.04      0.50
                0.04      0.50
                0.04      0.50
                0.05      0.50
                0.05      0.50
                0.05      0.50
                0.05      0.50
                0.05      0.50
                0.05      0.50
                0.05      0.50
                0.05      0.50
                0.05      0.50
                0.05      0.50
                0.05      0.50
                0.05      0.50
                0.05      0.50
                0.06      0.50
                0.06      0.50
                0.06      0.50
                0.06      0.50
                0.06      0.50
                0.06      0.50
                0.06      0.50
                0.06      0.50
                0.06      0.50
                0.06      0.50
                0.06      0.50
                0.06      0.50
                0.06      0.50
                0.07      0.50
                0.07      0.50
                0.07      0.50
                0.07      0.50
                0.07      0.50
                0.07      0.50
                0.07      0.50
                0.07      0.50
                0.07      0.50
                0.07      0.50
                0.07      0.50
                0.07      0.50
                0.07      0.50
                0.07      0.50
                0.08      0.50
                0.08      0.50
                0.08      0.50
                0.08      0.50
                0.08      0.50
                0.08      0.50
                0.08      0.50
                0.08      0.50
                0.08      0.50
                0.08      0.50
                0.08      0.50
                0.08      0.50
                0.08      0.50
                0.09      0.50
                0.09      0.50
                0.09      0.50
                0.09      0.50
                0.09      0.50
                0.09      0.50
                0.09      0.50
                0.09      0.50
                0.09      0.50
                0.09      0.50
                0.09      0.50
                0.09      0.50
                0.09      0.51
                0.10      0.51
                0.10      0.51
                0.10      0.50
                0.10      0.50
                0.10      0.50
                0.10      0.50
                0.10      0.50
                0.10      0.50
                0.10      0.51
                0.10      0.51
                0.10      0.51
                0.10      0.51
                0.10      0.51
                0.10      0.51
                0.11      0.51
                0.11      0.51
                0.11      0.51
                0.11      0.51
                0.11      0.51
                0.11      0.51
                0.11      0.51
                0.11      0.51
                0.11      0.51
                0.11      0.51
                0.11      0.51
                0.11      0.51
                0.11      0.51
                0.12      0.51
                0.12      0.51
                0.12      0.51
                0.12      0.51
                0.12      0.51
                0.12      0.51
                0.12      0.51
                0.12      0.51
                0.12      0.51
                0.12      0.51
                0.12      0.51
                0.12      0.51
                0.12      0.51
                0.13      0.51
                0.13      0.51
                0.13      0.51
                0.13      0.51
                0.13      0.51
                0.13      0.51
                0.13      0.51
                0.13      0.51
                0.13      0.51
                0.13      0.51
                0.13      0.51
                0.13      0.51
                0.13      0.51
                0.14      0.51
                0.14      0.51
                0.14      0.51
                0.14      0.51
                0.14      0.51
                0.14      0.51
                0.14      0.51
                0.14      0.51
                0.14      0.51
                0.14      0.51
                0.14      0.51
                0.14      0.51
                0.14      0.51
                0.14      0.51
                0.15      0.51
                0.15      0.51
                0.15      0.51
                0.15      0.51
                0.15      0.51
                0.15      0.52
                0.15      0.52
                0.15      0.52
                0.15      0.52
                0.15      0.52
                0.15      0.52
                0.15      0.52
                0.15      0.52
                0.16      0.52
                0.16      0.52
                0.16      0.52
                0.16      0.52
                0.16      0.52
                0.16      0.52
                0.16      0.52
                0.16      0.51
                0.16      0.51
                0.16      0.51
                0.16      0.51
                0.16      0.51
                0.16      0.51
                0.17      0.51
                0.17      0.51
                0.17      0.51
                0.17      0.51
                0.17      0.51
                0.17      0.51
                0.17      0.51
                0.17      0.51
                0.17      0.51
                0.17      0.52
                0.17      0.52
                0.17      0.52
                0.17      0.52
                0.17      0.52
                0.18      0.53
                0.18      0.53
                0.18      0.53
                0.18      0.53
                0.18      0.53
                0.18      0.53
                0.18      0.53
                0.18      0.53
                0.18      0.53
                0.18      0.53
                0.18      0.53
                0.18      0.53
                0.18      0.53
                0.19      0.53
                0.19      0.53
                0.19      0.53
                0.19      0.53
                0.19      0.53
                0.19      0.53
                0.19      0.53
                0.19      0.52
                0.19      0.52
                0.19      0.52
                0.19      0.52
                0.19      0.52
                0.19      0.52
                0.20      0.52
                0.20      0.52
                0.20      0.52
                0.20      0.52
                0.20      0.52
                0.20      0.52
                0.20      0.52
                0.20      0.52
                0.20      0.52
                0.20      0.52
                0.20      0.52
                0.20      0.52
                0.20      0.52
                0.20      0.52
                0.21      0.52
                0.21      0.52
                0.21      0.52
                0.21      0.52
                0.21      0.52
                0.21      0.52
                0.21      0.52
                0.21      0.52
                0.21      0.52
                0.21      0.52
                0.21      0.52
                0.21      0.52
                0.21      0.52
                0.22      0.52
                0.22      0.52
                0.22      0.52
                0.22      0.52
                0.22      0.52
                0.22      0.52
                0.22      0.52
                0.22      0.53
                0.22      0.53
                0.22      0.53
                0.22      0.53
                0.22      0.53
                0.22      0.53
                0.23      0.53
                0.23      0.53
                0.23      0.53
                0.23      0.53
                0.23      0.53
                0.23      0.53
                0.23      0.53
                0.23      0.53
                0.23      0.53
                0.23      0.53
                0.23      0.53
                0.23      0.53
                0.23      0.53
                0.23      0.53
                0.24      0.53
                0.24      0.53
                0.24      0.53
                0.24      0.53
                0.24      0.53
                0.24      0.53
                0.24      0.53
                0.24      0.53
                0.24      0.53
                0.24      0.53
                0.24      0.53
                0.24      0.53
                0.24      0.53
                0.25      0.53
                0.25      0.53
                0.25      0.53
                0.25      0.53
                0.25      0.53
                0.25      0.53
                0.25      0.53
                0.25      0.53
                0.25      0.53
                0.25      0.53
                0.25      0.53
                0.25      0.53
                0.25      0.53
                0.26      0.53
                0.26      0.53
                0.26      0.53
                0.26      0.53
                0.26      0.54
                0.26      0.54
                0.26      0.54
                0.26      0.54
                0.26      0.54
                0.26      0.54
                0.26      0.54
                0.26      0.54
                0.26      0.54
                0.26      0.54
                0.27      0.54
                0.27      0.54
                0.27      0.54
                0.27      0.54
                0.27      0.54
                0.27      0.54
                0.27      0.54
                0.27      0.54
                0.27      0.54
                0.27      0.54
                0.27      0.54
                0.27      0.54
                0.27      0.54
                0.28      0.54
                0.28      0.54
                0.28      0.54
                0.28      0.54
                0.28      0.54
                0.28      0.54
                0.28      0.54
                0.28      0.54
                0.28      0.54
                0.28      0.54
                0.28      0.54
                0.28      0.54
                0.28      0.54
                0.29      0.54
                0.29      0.54
                0.29      0.54
                0.29      0.54
                0.29      0.54
                0.29      0.54
                0.29      0.55
                0.29      0.55
                0.29      0.55
                0.29      0.55
                0.29      0.55
                0.29      0.55
                0.29      0.55
                0.29      0.55
                0.30      0.55
                0.30      0.55
                0.30      0.55
                0.30      0.55
                0.30      0.55
                0.30      0.55
                0.30      0.55
                0.30      0.55
                0.30      0.56
                0.30      0.56
                0.30      0.56
                0.30      0.56
                0.30      0.56
                0.31      0.56
                0.31      0.56
                0.31      0.56
                0.31      0.56
                0.31      0.56
                0.31      0.56
                0.31      0.56
                0.31      0.56
                0.31      0.56
                0.31      0.56
                0.31      0.56
                0.31      0.56
                0.31      0.56
                0.32      0.56
                0.32      0.56
                0.32      0.56
                0.32      0.56
                0.32      0.56
                0.32      0.56
                0.32      0.56
                0.32      0.56
                0.32      0.56
                0.32      0.56
                0.32      0.56
                0.32      0.56
                0.32      0.56
                0.32      0.56
                0.33      0.56
                0.33      0.56
                0.33      0.56
                0.33      0.56
                0.33      0.56
                0.33      0.56
                0.33      0.56
                0.33      0.56
                0.33      0.56
                0.33      0.56
                0.33      0.56
                0.33      0.56
                0.33      0.56
                0.34      0.56
                0.34      0.56
                0.34      0.56
                0.34      0.56
                0.34      0.56
                0.34      0.56
                0.34      0.56
                0.34      0.56
                0.34      0.56
                0.34      0.56
                0.34      0.57
                0.34      0.57
                0.34      0.57
                0.35      0.57
                0.35      0.57
                0.35      0.57
                0.35      0.57
                0.35      0.57
                0.35      0.57
                0.35      0.57
                0.35      0.57
                0.35      0.58
                0.35      0.58
                0.35      0.58
                0.35      0.58
                0.35      0.58
                0.35      0.58
                0.36      0.58
                0.36      0.58
                0.36      0.59
                0.36      0.59
                0.36      0.59
                0.36      0.59
                0.36      0.59
                0.36      0.59
                0.36      0.59
                0.36      0.59
                0.36      0.59
                0.36      0.59
                0.36      0.59
                0.37      0.59
                0.37      0.59
                0.37      0.59
                0.37      0.59
                0.37      0.59
                0.37      0.59
                0.37      0.59
                0.37      0.59
                0.37      0.59
                0.37      0.59
                0.37      0.59
                0.37      0.59
                0.37      0.59
                0.38      0.59
                0.38      0.59
                0.38      0.59
                0.38      0.59
                0.38      0.59
                0.38      0.59
                0.38      0.59
                0.38      0.58
                0.38      0.58
                0.38      0.58
                0.38      0.58
                0.38      0.58
                0.38      0.58
                0.38      0.59
                0.39      0.59
                0.39      0.59
                0.39      0.59
                0.39      0.59
                0.39      0.59
                0.39      0.59
                0.39      0.59
                0.39      0.59
                0.39      0.59
                0.39      0.59
                0.39      0.59
                0.39      0.59
                0.39      0.59
                0.40      0.59
                0.40      0.60
                0.40      0.60
                0.40      0.60
                0.40      0.60
                0.40      0.60
                0.40      0.60
                0.40      0.60
                0.40      0.60
                0.40      0.60
                0.40      0.60
                0.40      0.60
                0.40      0.60
                0.41      0.60
                0.41      0.60
                0.41      0.60
                0.41      0.60
                0.41      0.60
                0.41      0.60
                0.41      0.60
                0.41      0.60
                0.41      0.60
                0.41      0.60
                0.41      0.60
                0.41      0.60
                0.41      0.60
                0.41      0.60
                0.42      0.60
                0.42      0.60
                0.42      0.60
                0.42      0.60
                0.42      0.60
                0.42      0.61
                0.42      0.61
                0.42      0.61
                0.42      0.61
                0.42      0.61
                0.42      0.61
                0.42      0.61
                0.42      0.61
                0.43      0.61
                0.43      0.61
                0.43      0.61
                0.43      0.61
                0.43      0.61
                0.43      0.61
                0.43      0.61
                0.43      0.61
                0.43      0.61
                0.43      0.61
                0.43      0.61
                0.43      0.61
                0.43      0.61
                0.43      0.61
                0.44      0.61
                0.44      0.61
                0.44      0.61
                0.44      0.62
                0.44      0.62
                0.44      0.62
                0.44      0.62
                0.44      0.62
                0.44      0.62
                0.44      0.62
                0.44      0.62
                0.44      0.62
                0.44      0.62
                0.45      0.62
                0.45      0.62
                0.45      0.62
                0.45      0.63
                0.45      0.63
                0.45      0.63
                0.45      0.63
                0.45      0.63
                0.45      0.63
                0.45      0.63
                0.45      0.63
                0.45      0.63
                0.45      0.63
                0.46      0.64
                0.46      0.64
                0.46      0.64
                0.46      0.64
                0.46      0.64
                0.46      0.64
                0.46      0.64
                0.46      0.64
                0.46      0.64
                0.46      0.64
                0.46      0.64
                0.46      0.64
                0.46      0.64
                0.47      0.64
                0.47      0.64
                0.47      0.64
                0.47      0.64
                0.47      0.64
                0.47      0.64
                0.47      0.64
                0.47      0.64
                0.47      0.65
                0.47      0.65
                0.47      0.65
                0.47      0.65
                0.47      0.65
                0.47      0.64
                0.48      0.64
                0.48      0.64
                0.48      0.64
                0.48      0.64
                0.48      0.65
                0.48      0.65
                0.48      0.65
                0.48      0.65
                0.48      0.65
                0.48      0.65
                0.48      0.65
                0.48      0.65
                0.48      0.65
                0.49      0.65
                0.49      0.65
                0.49      0.65
                0.49      0.65
                0.49      0.65
                0.49      0.65
                0.49      0.65
                0.49      0.65
                0.49      0.65
                0.49      0.65
                0.49      0.65
                0.49      0.66
                0.49      0.66
                0.49      0.66
                0.50      0.66
                0.50      0.66
                0.50      0.66
                0.50      0.66
                0.50      0.66
                0.50      0.66
                0.50      0.66
                0.50      0.66
                0.50      0.66
                0.50      0.66
                0.50      0.66
                0.50      0.66
                0.50      0.66
                0.51      0.67
                0.51      0.67
                0.51      0.67
                0.51      0.67
                0.51      0.67
                0.51      0.67
                0.51      0.67
                0.51      0.67
                0.51      0.67
                0.51      0.67
                0.51      0.67
                0.51      0.67
                0.51      0.67
                0.52      0.67
                0.52      0.68
                0.52      0.68
                0.52      0.68
                0.52      0.68
                0.52      0.68
                0.52      0.68
                0.52      0.68
                0.52      0.68
                0.52      0.68
                0.52      0.68
                0.52      0.69
                0.52      0.69
                0.53      0.69
                0.53      0.69
                0.53      0.69
                0.53      0.69
                0.53      0.70
                0.53      0.70
                0.53      0.70
                0.53      0.70
                0.53      0.70
                0.53      0.70
                0.53      0.70
                0.53      0.71
                0.53      0.71
                0.53      0.71
                0.54      0.71
                0.54      0.71
                0.54      0.71
                0.54      0.71
                0.54      0.72
                0.54      0.72
                0.54      0.72
                0.54      0.72
                0.54      0.72
                0.54      0.72
                0.54      0.72
                0.54      0.72
                0.54      0.72
                0.55      0.72
                0.55      0.73
                0.55      0.73
                0.55      0.73
                0.55      0.73
                0.55      0.73
                0.55      0.73
                0.55      0.73
                0.55      0.73
                0.55      0.73
                0.55      0.73
                0.55      0.73
                0.55      0.73
                0.56      0.73
                0.56      0.73
                0.56      0.73
                0.56      0.73
                0.56      0.73
                0.56      0.73
                0.56      0.73
                0.56      0.73
                0.56      0.73
                0.56      0.73
                0.56      0.73
                0.56      0.73
                0.56      0.73
                0.56      0.73
                0.57      0.73
                0.57      0.73
                0.57      0.73
                0.57      0.73
                0.57      0.73
                0.57      0.73
                0.57      0.73
                0.57      0.73
                0.57      0.73
                0.57      0.73
                0.57      0.73
                0.57      0.74
                0.57      0.74
                0.58      0.74
                0.58      0.74
                0.58      0.74
                0.58      0.74
                0.58      0.74
                0.58      0.74
                0.58      0.74
                0.58      0.75
                0.58      0.75
                0.58      0.75
                0.58      0.75
                0.58      0.75
                0.58      0.75
                0.58      0.75
                0.59      0.75
                0.59      0.75
                0.59      0.75
                0.59      0.76
                0.59      0.76
                0.59      0.76
                0.59      0.76
                0.59      0.76
                0.59      0.76
                0.59      0.76
                0.59      0.76
                0.59      0.76
                0.59      0.76
                0.60      0.77
                0.60      0.77
                0.60      0.77
                0.60      0.77
                0.60      0.77
                0.60      0.77
                0.60      0.77
                0.60      0.78
                0.60      0.78
                0.60      0.78
                0.60      0.78
                0.60      0.78
                0.60      0.78
                0.61      0.79
                0.61      0.79
                0.61      0.79
                0.61      0.79
                0.61      0.79
                0.61      0.79
                0.61      0.79
                0.61      0.79
                0.61      0.80
                0.61      0.80
                0.61      0.80
                0.61      0.80
                0.61      0.80
                0.61      0.80
                0.62      0.80
                0.62      0.80
                0.62      0.80
                0.62      0.81
                0.62      0.81
                0.62      0.81
                0.62      0.81
                0.62      0.81
                0.62      0.81
                0.62      0.81
                0.62      0.81
                0.62      0.81
                0.62      0.81
                0.63      0.81
                0.63      0.82
                0.63      0.82
                0.63      0.82
                0.63      0.82
                0.63      0.82
                0.63      0.82
                0.63      0.82
                0.63      0.82
                0.63      0.82
                0.63      0.82
                0.63      0.83
                0.63      0.82
                0.64      0.82
                0.64      0.82
                0.64      0.82
                0.64      0.83
                0.64      0.83
                0.64      0.83
                0.64      0.83
                0.64      0.83
                0.64      0.83
                0.64      0.83
                0.64      0.83
                0.64      0.83
                0.64      0.84
                0.65      0.84
                0.65      0.84
                0.65      0.84
                0.65      0.84
                0.65      0.84
                0.65      0.85
                0.65      0.85
                0.65      0.85
                0.65      0.85
                0.65      0.85
                0.65      0.85
                0.65      0.85
                0.65      0.86
                0.65      0.86
                0.66      0.86
                0.66      0.86
                0.66      0.86
                0.66      0.86
                0.66      0.87
                0.66      0.87
                0.66      0.87
                0.66      0.87
                0.66      0.87
                0.66      0.87
                0.66      0.88
                0.66      0.88
                0.66      0.88
                0.67      0.88
                0.67      0.88
                0.67      0.88
                0.67      0.88
                0.67      0.89
                0.67      0.89
                0.67      0.89
                0.67      0.89
                0.67      0.89
                0.67      0.89
                0.67      0.89
                0.67      0.90
                0.67      0.90
                0.68      0.90
                0.68      0.90
                0.68      0.90
                0.68      0.90
                0.68      0.90
                0.68      0.90
                0.68      0.91
                0.68      0.91
                0.68      0.91
                0.68      0.91
                0.68      0.91
                0.68      0.91
                0.68      0.91
                0.68      0.91
                0.69      0.91
                0.69      0.92
                0.69      0.92
                0.69      0.92
                0.69      0.92
                0.69      0.92
                0.69      0.92
                0.69      0.93
                0.69      0.93
                0.69      0.93
                0.69      0.93
                0.69      0.93
                0.69      0.94
                0.70      0.94
                0.70      0.94
                0.70      0.94
                0.70      0.94
                0.70      0.95
                0.70      0.95
                0.70      0.95
                0.70      0.96
                0.70      0.96
                0.70      0.96
                0.70      0.96
                0.70      0.97
                0.70      0.97
                0.70      0.97
                0.71      0.97
                0.71      0.98
                0.71      0.98
                0.71      0.98
                0.71      0.98
                0.71      0.99
                0.71      0.99
                0.71      0.99
                0.71      1.00
                0.71      1.00
                0.71      1.00
                0.71      1.00
                0.71      1.01
                0.72      1.01
                0.72      1.01
                0.72      1.01
                0.72      1.02
                0.72      1.02
                0.72      1.02
                0.72      1.02
                0.72      1.03
                0.72      1.03
                0.72      1.03
                0.72      1.03
                0.72      1.03
                0.72      1.04
                0.73      1.04
                0.73      1.04
                0.73      1.04
                0.73      1.05
                0.73      1.05
                0.73      1.05
                0.73      1.05
                0.73      1.05
                0.73      1.06
                0.73      1.06
                0.73      1.06
                0.73      1.06
                0.73      1.06
                0.73      1.07
                0.74      1.07
                0.74      1.07
                0.74      1.07
                0.74      1.07
                0.74      1.07
                0.74      1.08
                0.74      1.08
                0.74      1.08
                0.74      1.08
                0.74      1.08
                0.74      1.08
                0.74      1.09
                0.74      1.09
                0.75      1.09
                0.75      1.09
                0.75      1.09
                0.75      1.09
                0.75      1.09
                0.75      1.10
                0.75      1.10
                0.75      1.10
                0.75      1.10
                0.75      1.10
                0.75      1.10
                0.75      1.11
                0.75      1.11
                0.76      1.11
                0.76      1.11
                0.76      1.12
                0.76      1.12
                0.76      1.12
                0.76      1.13
                0.76      1.13
                0.76      1.13
                0.76      1.13
                0.76      1.14
                0.76      1.14
                0.76      1.14
                0.76      1.15
                0.77      1.15
                0.77      1.15
                0.77      1.15
                0.77      1.16
                0.77      1.16
                0.77      1.16
                0.77      1.17
                0.77      1.17
                0.77      1.17
                0.77      1.17
                0.77      1.18
                0.77      1.18
                0.77      1.18
                0.77      1.18
                0.78      1.19
                0.78      1.19
                0.78      1.19
                0.78      1.19
                0.78      1.20
                0.78      1.20
                0.78      1.20
                0.78      1.20
                0.78      1.21
                0.78      1.21
                0.78      1.21
                0.78      1.21
                0.78      1.22
                0.79      1.22
                0.79      1.22
                0.79      1.22
                0.79      1.23
                0.79      1.23
                0.79      1.23
                0.79      1.23
                0.79      1.24
                0.79      1.24
                0.79      1.24
                0.79      1.25
                0.79      1.25
                0.79      1.25
                0.80      1.26
                0.80      1.26
                0.80      1.26
                0.80      1.27
                0.80      1.27
                0.80      1.27
                0.80      1.28
                0.80      1.28
                0.80      1.28
                0.80      1.29
                0.80      1.29
                0.80      1.29
                0.80      1.30
                0.80      1.30
                0.81      1.30
                0.81      1.31
                0.81      1.31
                0.81      1.31
                0.81      1.32
                0.81      1.32
                0.81      1.32
                0.81      1.33
                0.81      1.33
                0.81      1.33
                0.81      1.34
                0.81      1.34
                0.81      1.34
                0.82      1.35
                0.82      1.35
                0.82      1.35
                0.82      1.36
                0.82      1.36
                0.82      1.37
                0.82      1.37
                0.82      1.37
                0.82      1.38
                0.82      1.38
                0.82      1.39
                0.82      1.39
                0.82      1.39
                0.83      1.40
                0.83      1.40
                0.83      1.40
                0.83      1.41
                0.83      1.41
                0.83      1.42
                0.83      1.42
                0.83      1.42
                0.83      1.43
                0.83      1.43
                0.83      1.44
                0.83      1.44
                0.83      1.44
                0.83      1.45
                0.84      1.45
                0.84      1.46
                0.84      1.46
                0.84      1.47
                0.84      1.47
                0.84      1.47
                0.84      1.48
                0.84      1.48
                0.84      1.49
                0.84      1.50
                0.84      1.50
                0.84      1.51
                0.84      1.52
                0.85      1.52
                0.85      1.53
                0.85      1.53
                0.85      1.54
                0.85      1.55
                0.85      1.55
                0.85      1.56
                0.85      1.57
                0.85      1.57
                0.85      1.58
                0.85      1.59
                0.85      1.60
                0.85      1.60
                0.85      1.61
                0.86      1.58
                0.86      1.58
                0.86      1.59
                0.86      1.59
                0.86      1.60
                0.86      1.60
                0.86      1.61
                0.86      1.61
                0.86      1.62
                0.86      1.62
                0.86      1.63
                0.86      1.63
                0.86      1.64
                0.87      1.64
                0.87      1.65
                0.87      1.65
                0.87      1.66
                0.87      1.66
                0.87      1.67
                0.87      1.68
                0.87      1.68
                0.87      1.69
                0.87      1.70
                0.87      1.71
                0.87      1.71
                0.87      1.72
                0.88      1.73
                0.88      1.73
                0.88      1.74
                0.88      1.75
                0.88      1.75
                0.88      1.76
                0.88      1.77
                0.88      1.78
                0.88      1.78
                0.88      1.79
                0.88      1.80
                0.88      1.80
                0.88      1.81
                0.89      1.82
                0.89      1.83
                0.89      1.83
                0.89      1.84
                0.89      1.85
                0.89      1.85
                0.89      1.86
                0.89      1.87
                0.89      1.88
                0.89      1.88
                0.89      1.89
                0.89      1.90
                0.89      1.91
                0.89      1.91
                0.90      1.92
                0.90      1.93
                0.90      1.93
                0.90      1.94
                0.90      1.95
                0.90      1.96
                0.90      1.96
                0.90      1.97
                0.90      1.98
                0.90      1.98
                0.90      1.99
                0.90      2.00
                0.90      2.00
                0.91      2.01
                0.91      2.02
                0.91      2.03
                0.91      2.03
                0.91      2.04
                0.91      2.05
                0.91      2.05
                0.91      2.06
                0.91      2.07
                0.91      2.07
                0.91      2.08
                0.91      2.09
                0.91      2.09
                0.92      2.10
                0.92      2.11
                0.92      2.11
                0.92      2.12
                0.92      2.12
                0.92      2.13
                0.92      2.14
                0.92      2.14
                0.92      2.15
                0.92      2.15
                0.92      2.16
                0.92      2.17
                0.92      2.17
                0.92      2.18
                0.93      2.18
                0.93      2.19
                0.93      2.20
                0.93      2.20
                0.93      2.21
                0.93      2.21
                0.93      2.22
                0.93      2.22
                0.93      2.23
                0.93      2.23
                0.93      2.24
                0.93      2.24
                0.93      2.25
                0.94      2.25
                0.94      2.26
                0.94      2.26
                0.94      2.27
                0.94      2.27
                0.94      2.28
                0.94      2.28
                0.94      2.29
                0.94      2.29
                0.94      2.30
                0.94      2.30
                0.94      2.31
                0.94      2.31
                0.95      2.32
                0.95      2.33
                0.95      2.33
                0.95      2.33
                0.95      2.34
                0.95      2.34
                0.95      2.35
                0.95      2.35
                0.95      2.36
                0.95      2.36
                0.95      2.37
                0.95      2.37
                0.95      2.38
                0.95      2.38
                0.96      2.39
                0.96      2.39
                0.96      2.40
                0.96      2.40
                0.96      2.41
                0.96      2.41
                0.96      2.41
                0.96      2.42
                0.96      2.42
                0.96      2.43
                0.96      2.43
                0.96      2.44
                0.96      2.44
                0.97      2.44
                0.97      2.45
                0.97      2.45
                0.97      2.45
                0.97      2.46
                0.97      2.46
                0.97      2.46
                0.97      2.47
                0.97      2.47
                0.97      2.47
                0.97      2.48
                0.97      2.48
                0.97      2.48
                0.97      2.49
                0.98      2.49
                0.98      2.49
                0.98      2.49
                0.98      2.50
                0.98      2.50
                0.98      2.50
                0.98      2.50
                0.98      2.50
                0.98      2.50
                0.98      2.51
                0.98      2.51
                0.98      2.51
                0.98      2.51
                0.99      2.51
                0.99      2.51
                0.99      2.51
                0.99      2.51
                0.99      2.51
                0.99      2.51
                0.99      2.51
                0.99      2.51
                0.99      2.51
                0.99      2.51
                0.99      2.51
                0.99      2.51
                0.99      2.51
                1.00      2.51
                1.00      2.51
                1.00      2.51
                1.00      2.51
                1.00      2.50
                1.00      2.50
                1.00      2.50
                1.00      2.50
                1.00      2.50
                1.00      2.49
                1.00      2.49
                1.00      2.49
                1.00      2.49
                1.01      2.48
                1.01      2.48
                1.01      2.48
                1.01      2.48
                1.01      2.47
                1.01      2.47
                1.01      2.47
                1.01      2.46
                1.01      2.46
                1.01      2.45
                1.01      2.45
                1.01      2.45
                1.01      2.44
                1.01      2.44
                1.02      2.43
                1.02      2.43
                1.02      2.42
                1.02      2.42
                1.02      2.41
                1.02      2.41
                1.02      2.40
                1.02      2.40
                1.02      2.39
                1.02      2.39
                1.02      2.38
                1.02      2.38
                1.02      2.37
                1.03      2.37
                1.03      2.36
                1.03      2.36
                1.03      2.35
                1.03      2.34
                1.03      2.34
                1.03      2.33
                1.03      2.33
                1.03      2.32
                1.03      2.31
                1.03      2.31
                1.03      2.30
                1.03      2.30
                1.03      2.29
                1.04      2.28
                1.04      2.28
                1.04      2.27
                1.04      2.27
                1.04      2.26
                1.04      2.25
                1.04      2.25
                1.04      2.24
                1.04      2.23
                1.04      2.23
                1.04      2.22
                1.04      2.21
                1.04      2.21
                1.05      2.20
                1.05      2.20
                1.05      2.19
                1.05      2.18
                1.05      2.18
                1.05      2.17
                1.05      2.16
                1.05      2.16
                1.05      2.15
                1.05      2.14
                1.05      2.14
                1.05      2.13
                1.05      2.12
                1.06      2.12
                1.06      2.11
                1.06      2.11
                1.06      2.10
                1.06      2.09
                1.06      2.09
                1.06      2.08
                1.06      2.07
                1.06      2.07
                1.06      2.06
                1.06      2.06
                1.06      2.05
                1.06      2.04
                1.06      2.04
                1.07      2.03
                1.07      2.02
                1.07      2.02
                1.07      2.01
                1.07      2.01
                1.07      2.00
                1.07      1.99
                1.07      1.99
                1.07      1.98
                1.07      1.97
                1.07      1.97
                1.07      1.96
                1.07      1.95
                1.08      1.95
                1.08      1.94
                1.08      1.93
                1.08      1.93
                1.08      1.92
                1.08      1.91
                1.08      1.91
                1.08      1.90
                1.08      1.89
                1.08      1.89
                1.08      1.88
                1.08      1.87
                1.08      1.86
                1.09      1.86
                1.09      1.85
                1.09      1.84
                1.09      1.84
                1.09      1.83
                1.09      1.82
                1.09      1.82
                1.09      1.81
                1.09      1.80
                1.09      1.80
                1.09      1.79
                1.09      1.78
                1.09      1.77
                1.09      1.77
                1.10      1.76
                1.10      1.75
                1.10      1.75
                1.10      1.74
                1.10      1.73
                1.10      1.73
                1.10      1.72
                1.10      1.71
                1.10      1.70
                1.10      1.70
                1.10      1.69
                1.10      1.68
                1.10      1.68
                1.11      1.67
                1.11      1.66
                1.11      1.65
                1.11      1.65
                1.11      1.64
                1.11      1.63
                1.11      1.63
                1.11      1.62
                1.11      1.61
                1.11      1.61
                1.11      1.60
                1.11      1.59
                1.11      1.58
                1.12      1.58
                1.12      1.57
                1.12      1.56
                1.12      1.56
                1.12      1.55
                1.12      1.54
                1.12      1.54
                1.12      1.53
                1.12      1.52
                1.12      1.52
                1.12      1.51
                1.12      1.50
                1.12      1.49
                1.12      1.49
                1.13      1.48
                1.13      1.47
                1.13      1.47
                1.13      1.46
                1.13      1.45
                1.13      1.45
                1.13      1.44
                1.13      1.39
                1.13      1.39
                1.13      1.38
                1.13      1.38
                1.13      1.37
                1.13      1.37
                1.14      1.36
                1.14      1.36
                1.14      1.35
                1.14      1.35
                1.14      1.34
                1.14      1.34
                1.14      1.33
                1.14      1.33
                1.14      1.32
                1.14      1.32
                1.14      1.31
                1.14      1.31
                1.14      1.30
                1.15      1.30
                1.15      1.29
                1.15      1.29
                1.15      1.28
                1.15      1.28
                1.15      1.27
                1.15      1.27
                1.15      1.26
                1.15      1.26
                1.15      1.25
                1.15      1.25
                1.15      1.24
                1.15      1.24
                1.16      1.24
                1.16      1.23
                1.16      1.23
                1.16      1.22
                1.16      1.22
                1.16      1.21
                1.16      1.21
                1.16      1.20
                1.16      1.20
                1.16      1.20
                1.16      1.19
                1.16      1.19
                1.16      1.18
                1.16      1.18
                1.17      1.17
                1.17      1.17
                1.17      1.17
                1.17      1.16
                1.17      1.16
                1.17      1.15
                1.17      1.15
                1.17      1.15
                1.17      1.14
                1.17      1.14
                1.17      1.13
                1.17      1.13
                1.17      1.13
                1.18      1.12
                1.18      1.12
                1.18      1.12
                1.18      1.11
                1.18      1.11
                1.18      1.10
                1.18      1.10
                1.18      1.10
                1.18      1.09
                1.18      1.09
                1.18      1.09
                1.18      1.08
                1.18      1.08
                1.19      1.07
                1.19      1.07
                1.19      1.07
                1.19      1.06
                1.19      1.06
                1.19      1.06
                1.19      1.05
                1.19      1.05
                1.19      1.05
                1.19      1.04
                1.19      1.04
                1.19      1.04
                1.19      1.03
                1.19      1.03
                1.20      1.03
                1.20      1.02
                1.20      1.02
                1.20      1.02
                1.20      1.02
                1.20      1.01
                1.20      1.01
                1.20      1.01
                1.20      1.00
                1.20      1.00
                1.20      1.00
                1.20      0.99
                1.20      0.99
                1.21      0.99
                1.21      0.98
                1.21      0.98
                1.21      0.98
                1.21      0.97
                1.21      0.97
                1.21      0.97
                1.21      0.97
                1.21      0.96
                1.21      0.96
                1.21      0.96
                1.21      0.95
                1.21      0.95
                1.22      0.95
                1.22      0.94
                1.22      0.94
                1.22      0.94
                1.22      0.94
                1.22      0.93
                1.22      0.93
                1.22      0.93
                1.22      0.93
                1.22      0.92
                1.22      0.92
                1.22      0.92
                1.22      0.92
                1.22      0.91
                1.23      0.91
                1.23      0.91
                1.23      0.91
                1.23      0.90
                1.23      0.90
                1.23      0.90
                1.23      0.90
                1.23      0.89
                1.23      0.89
                1.23      0.89
                1.23      0.89
                1.23      0.88
                1.23      0.88
                1.24      0.88
                1.24      0.88
                1.24      0.87
                1.24      0.87
                1.24      0.87
                1.24      0.87
                1.24      0.86
                1.24      0.86
                1.24      0.86
                1.24      0.86
                1.24      0.85
                1.24      0.85
                1.24      0.85
                1.25      0.85
                1.25      0.85
                1.25      0.84
                1.25      0.84
                1.25      0.84
                1.25      0.84
                1.25      0.83
                1.25      0.83
                1.25      0.83
                1.25      0.83
                1.25      0.82
                1.25      0.82
                1.25      0.82
                1.25      0.82
                1.26      0.81
                1.26      0.81
                1.26      0.81
                1.26      0.81
                1.26      0.80
                1.26      0.80
                1.26      0.80
                1.26      0.80
                1.26      0.80
                1.26      0.80
                1.26      0.79
                1.26      0.79
                1.26      0.79
                1.27      0.79
                1.27      0.79
                1.27      0.79
                1.27      0.78
                1.27      0.78
                1.27      0.78
                1.27      0.78
                1.27      0.78
                1.27      0.78
                1.27      0.77
                1.27      0.77
                1.27      0.77
                1.27      0.77
                1.28      0.77
                1.28      0.77
                1.28      0.76
                1.28      0.76
                1.28      0.76
                1.28      0.76
                1.28      0.76
                1.28      0.75
                1.28      0.75
                1.28      0.75
                1.28      0.75
                1.28      0.75
                1.28      0.75
                1.28      0.74
                1.29      0.74
                1.29      0.74
                1.29      0.74
                1.29      0.74
                1.29      0.74
                1.29      0.73
                1.29      0.73
                1.29      0.73
                1.29      0.73
                1.29      0.73
                1.29      0.72
                1.29      0.72
                1.29      0.72
                1.30      0.72
                1.30      0.72
                1.30      0.72
                1.30      0.71
                1.30      0.71
                1.30      0.71
                1.30      0.71
                1.30      0.71
                1.30      0.71
                1.30      0.70
                1.30      0.70
                1.30      0.70
                1.30      0.70
                1.30      0.70
                1.31      0.69
                1.31      0.69
                1.31      0.69
                1.31      0.69
                1.31      0.69
                1.31      0.69
                1.31      0.68
                1.31      0.68
                1.31      0.68
                1.31      0.68
                1.31      0.68
                1.31      0.67
                1.31      0.67
                1.32      0.67
                1.32      0.67
                1.32      0.67
                1.32      0.67
                1.32      0.66
                1.32      0.66
                1.32      0.66
                1.32      0.66
                1.32      0.66
                1.32      0.65
                1.32      0.65
                1.32      0.65
                1.32      0.65
                1.33      0.65
                1.33      0.65
                1.33      0.64
                1.33      0.64
                1.33      0.64
                1.33      0.64
                1.33      0.64
                1.33      0.63
                1.33      0.63
                1.33      0.63
                1.33      0.63
                1.33      0.63
                1.33      0.63
                1.33      0.62
                1.34      0.62
                1.34      0.62
                1.34      0.62
                1.34      0.62
                1.34      0.61
                1.34      0.61
                1.34      0.61
                1.34      0.61
                1.34      0.61
                1.34      0.61
                1.34      0.60
                1.34      0.60
                1.34      0.60
                1.35      0.60
                1.35      0.60
                1.35      0.59
                1.35      0.59
                1.35      0.59
                1.35      0.59
                1.35      0.59
                1.35      0.59
                1.35      0.58
                1.35      0.58
                1.35      0.58
                1.35      0.58
                1.35      0.58
                1.36      0.58
                1.36      0.57
                1.36      0.57
                1.36      0.57
                1.36      0.57
                1.36      0.57
                1.36      0.57
                1.36      0.57
                1.36      0.57
                1.36      0.56
                1.36      0.56
                1.36      0.56
                1.36      0.56
                1.36      0.56
                1.37      0.56
                1.37      0.56
                1.37      0.56
                1.37      0.55
                1.37      0.55
                1.37      0.55
                1.37      0.55
                1.37      0.55
                1.37      0.55
                1.37      0.55
                1.37      0.54
                1.37      0.54
                1.37      0.54
                1.38      0.54
                1.38      0.54
                1.38      0.54
                1.38      0.54
                1.38      0.54
                1.38      0.54
                1.38      0.54
                1.38      0.53
                1.38      0.53
                1.38      0.53
                1.38      0.53
                1.38      0.53
                1.38      0.53
                1.39      0.53
                1.39      0.53
                1.39      0.53
                1.39      0.53
                1.39      0.53
                1.39      0.52
                1.39      0.52
                1.39      0.52
                1.39      0.52
                1.39      0.52
                1.39      0.52
                1.39      0.52
                1.39      0.52
                1.40      0.52
                1.40      0.52
                1.40      0.52
                1.40      0.51
                1.40      0.51
                1.40      0.51
                1.40      0.51
                1.40      0.51
                1.40      0.51
                1.40      0.51
                1.40      0.51
                1.40      0.51
                1.40      0.51
                1.40      0.50
                1.41      0.50
                1.41      0.50
                1.41      0.50
                1.41      0.50
                1.41      0.50
                1.41      0.50
                1.41      0.50
                1.41      0.50
                1.41      0.50
                1.41      0.49
                1.41      0.49
                1.41      0.49
                1.41      0.49
                1.42      0.49
                1.42      0.49
                1.42      0.49
                1.42      0.49
                1.42      0.49
                1.42      0.49
                1.42      0.49
                1.42      0.48
                1.42      0.48
                1.42      0.48
                1.42      0.48
                1.42      0.48
                1.42      0.48
                1.43      0.48
                1.43      0.48
                1.43      0.48
                1.43      0.48
                1.43      0.47
                1.43      0.47
                1.43      0.47
                1.43      0.47
                1.43      0.47
                1.43      0.47
                1.43      0.47
                1.43      0.47
                1.43      0.47
                1.43      0.47
                1.44      0.46
                1.44      0.46
                1.44      0.46
                1.44      0.46
                1.44      0.46
                1.44      0.46
                1.44      0.46
                1.44      0.46
                1.44      0.46
                1.44      0.46
                1.44      0.45
                1.44      0.45
                1.44      0.45
                1.45      0.45
                1.45      0.45
                1.45      0.45
                1.45      0.45
                1.45      0.45
                1.45      0.45
                1.45      0.45
                1.45      0.45
                1.45      0.45
                1.45      0.45
                1.45      0.45
                1.45      0.45
                1.45      0.44
                1.46      0.44
                1.46      0.44
                1.46      0.44
                1.46      0.44
                1.46      0.44
                1.46      0.44
                1.46      0.44
                1.46      0.44
                1.46      0.44
                1.46      0.44
                1.46      0.44
                1.46      0.44
                1.46      0.44
                1.46      0.44
                1.47      0.44
                1.47      0.44
                1.47      0.43
                1.47      0.43
                1.47      0.43
                1.47      0.43
                1.47      0.43
                1.47      0.43
                1.47      0.43
                1.47      0.43
                1.47      0.43
                1.47      0.43
                1.47      0.43
                1.48      0.43
                1.48      0.43
                1.48      0.43
                1.48      0.43
                1.48      0.43
                1.48      0.42
                1.48      0.42
                1.48      0.42
                1.48      0.42
                1.48      0.42
                1.48      0.42
                1.48      0.42
                1.48      0.42
                1.49      0.42
                1.49      0.42
                1.49      0.42
                1.49      0.42
                1.49      0.42
                1.49      0.42
                1.49      0.42
                1.49      0.41
                1.49      0.41
                1.49      0.41
                1.49      0.41
                1.49      0.41
                1.49      0.41
                1.49      0.41
                1.50      0.41
                1.50      0.41
                1.50      0.41
                1.50      0.41
                1.50      0.41
                1.50      0.41
                1.50      0.41
