           1.00
           0.89
           0.68
           0.42
           0.17
           0.04
           0.03
           0.04
           0.05
           0.09
           0.48
           0.85
           0.99
           1.00
           1.00
           1.00
           1.00
           1.01
           1.01
           1.02
           1.02
           1.02
           0.97
           0.86
           0.79
           0.98
           0.99
           0.99
           1.00
           1.00
           1.00
           1.00
           1.00
           1.00
           1.00
           1.01
           1.01
           1.01
           1.01
           1.02
           1.02
           1.02
           1.02
           1.02
           1.00
           1.00
           1.00
           1.00
           1.00
           1.00
           1.00
           1.01
           1.01
           1.01
           1.01
           1.01
           1.01
           1.02
           1.02
           1.02
           1.02
           1.02
           1.02
           1.02
           1.03
           1.01
           1.00
           1.00
           1.00
           1.00
           1.01
           1.01
           1.01
           1.01
           1.01
           1.02
           1.02
           1.00
           1.02
           1.02
           1.01
           1.02
           1.02
           1.02
           1.03
           1.01
           1.03
           1.00
           1.00
           1.01
           1.01
           1.01
           1.02
           1.00
           1.02
           1.01
           1.01
           1.02
           1.01
           1.02
           1.01
           1.02
           1.01
           1.03
           1.01
           1.03
           1.02
           1.03
           1.03
           1.02
           1.01
           1.02
           1.00
           1.02
           1.00
           1.02
           1.00
           1.02
           1.00
           1.02
           1.01
           1.02
           1.02
           1.01
           1.03
           1.02
           1.02
           1.03
           1.00
           1.03
           1.02
           1.01
           1.02
           1.00
           1.02
           1.01
           1.01
           1.02
           1.01
           1.02
           1.02
           1.01
           1.03
           1.02
           1.02
           1.03
           1.01
           1.02
           1.03
           1.01
           1.02
           1.03
           1.02
           1.02
           1.02
           1.01
           1.02
           1.02
           1.02
           1.02
           1.02
           1.02
           1.02
           1.02
           1.02
           1.02
           1.03
           1.02
           1.02
           1.03
           1.02
           1.00
           1.03
           1.03
           1.01
           1.01
           1.02
           1.01
           1.01
           1.02
           1.02
           1.01
           1.02
           1.02
           1.01
           1.01
           1.02
           1.02
           1.01
           1.01
           1.03
           1.02
           1.02
           1.02
           1.03
           1.02
           1.01
           1.01
           1.00
           1.02
           1.01
           1.00
           1.01
           1.01
           1.01
           1.00
           1.01
           1.01
           1.01
           1.01
           1.01
           1.02
           1.01
           1.01
           1.01
           1.02
           1.00
           1.01
           1.01
           1.01
           1.00
           1.01
           1.02
           1.02
           1.01
           1.02
           1.01
           1.03
           1.02
           1.03
           1.02
           1.04
           1.03
           1.04
           1.04
           1.04
           1.07
           1.05
           1.07
           1.07
           1.08
           1.09
           1.10
           1.11
           1.13
           1.14
           1.15
           1.19
           1.20
           1.23
           1.26
           1.29
           1.35
           1.40
           1.47
           1.55
           1.66
           1.80
           2.00
           2.27
           2.58
           2.90
           3.11
           3.08
           2.90
           2.61
           2.30
           2.14
           2.02
           1.94
           1.87
           1.75
           1.70
           1.66
           1.64
           1.62
           1.58
           1.54
           1.52
           1.50
           1.49
           1.50
           1.46
           1.44
           1.43
           1.44
           1.41
           1.40
           1.39
           1.40
           1.39
           1.40
           1.37
           1.36
           1.37
           1.36
           1.37
           1.37
           1.34
           1.35
           1.36
           1.32
           1.35
           1.36
           1.33
           1.34
           1.34
           1.33
           1.34
           1.32
           1.33
           1.34
           1.34
           1.32
           1.33
           1.32
           1.33
           1.33
           1.34
           1.32
           1.33
           1.32
           1.32
           1.32
           1.34
           1.34
           1.34
           1.33
           1.32
           1.32
           1.32
           1.32
           1.34
           1.34
           1.33
           1.33
           1.32
           1.32
           1.33
           1.35
           1.35
           1.33
           1.33
           1.32
           1.31
           1.34
           1.36
           1.36
           1.33
           1.31
           1.31
           1.32
           1.34
           1.37
           1.36
           1.33
           1.33
           1.34
           1.35
           1.36
           1.38
           1.38
           1.36
           1.36
           1.37
           1.37
           1.38
           1.39
           1.40
           1.39
           1.38
           1.38
           1.39
           1.40
           1.41
           1.40
           1.39
           1.40
           1.41
           1.41
           1.42
           1.42
           1.44
           1.42
           1.42
           1.43
           1.43
           1.44
           1.44
           1.45
           1.46
           1.44
           1.45
           1.46
           1.46
           1.47
           1.47
           1.47
           1.47
           1.47
           1.49
           1.48
           1.49
           1.51
           1.50
           1.50
           1.49
           1.51
           1.52
           1.51
           1.52
           1.54
           1.55
           1.53
           1.52
           1.55
           1.56
           1.55
           1.53
           1.56
           1.58
           1.57
           1.55
           1.58
           1.61
           1.61
           1.59
           1.61
           1.63
           1.63
           1.61
           1.63
           1.65
           1.67
           1.67
           1.66
           1.68
           1.70
           1.68
           1.69
           1.71
           1.71
           1.71
           1.73
           1.73
           1.76
           1.78
           1.76
           1.78
           1.80
           1.79
           1.81
           1.82
           1.81
           1.86
           1.88
           1.87
           1.89
           1.91
           1.90
           1.93
           1.93
           1.94
           1.96
           1.96
           1.99
           2.02
           2.05
           2.05
           2.08
           2.08
           2.11
           2.12
           2.14
           2.15
           2.18
           2.24
           2.26
           2.28
           2.30
           2.32
           2.34
           2.37
           2.39
           2.42
           2.46
           2.48
           2.55
           2.61
           2.64
           2.68
           2.72
           2.76
           2.80
           2.85
           2.90
           2.96
           3.07
           3.17
           3.24
           3.31
           3.38
           3.46
           3.55
           3.65
           3.76
           3.88
           4.01
           4.24
           4.47
           4.66
           4.85
           5.06
           5.30
           5.58
           5.90
           6.28
           6.70
           7.35
           8.10
           8.84
           9.53
          10.11
          10.68
          11.14
          11.33
          11.21
          10.79
          10.16
           9.49
           8.80
           8.06
           7.31
           6.53
           5.98
           5.55
           5.18
           4.85
           4.57
           4.32
           4.10
           3.90
           3.70
           3.50
           3.30
           3.17
           3.04
           2.93
           2.83
           2.74
           2.65
           2.57
           2.49
           2.42
           2.34
           2.25
           2.20
           2.14
           2.09
           2.04
           2.00
           1.96
           1.91
           1.88
           1.83
           1.79
           1.75
           1.72
           1.69
           1.66
           1.64
           1.61
           1.58
           1.56
           1.54
           1.51
           1.49
           1.47
           1.45
           1.43
           1.41
           1.39
           1.38
           1.36
           1.34
           1.33
           1.31
           1.30
           1.29
           1.27
           1.26
           1.25
           1.24
           1.23
           1.22
           1.21
           1.20
           1.19
           1.18
           1.17
           1.16
           1.15
           1.15
           1.14
           1.13
           1.12
           1.12
           1.11
           1.11
           1.10
           1.10
           1.09
           1.08
           1.08
           1.07
           1.07
           1.06
           1.05
           1.05
           1.05
           1.05
           1.04
           1.03
           1.03
           1.03
           1.02
           1.01
           1.02
           1.02
           1.01
           1.00
           1.01
           1.01
           1.00
           0.99
           0.99
           0.99
           0.99
           0.98
           0.98
           0.99
           0.99
           0.98
           0.98
           0.98
           0.97
           0.97
           0.97
           0.97
           0.97
           0.97
           0.97
           0.97
           0.97
           0.97
           0.96
           0.97
           0.96
           0.96
           0.96
           0.96
           0.97
           0.97
           0.96
           0.96
           0.96
           0.96
           0.95
           0.96
           0.97
           0.96
           0.96
           0.96
           0.96
           0.97
           0.97
           0.97
           0.97
           0.96
           0.96
           0.96
           0.97
           0.98
           0.98
           0.97
           0.97
           0.97
           0.97
           0.98
           0.99
           0.99
           0.98
           0.98
           0.98
           0.99
           1.00
           1.00
           1.00
           0.99
           0.98
           0.99
           1.00
           1.01
           1.02
           1.01
           1.01
           1.00
           1.01
           1.02
           1.03
           1.03
           1.03
           1.02
           1.03
           1.04
           1.05
           1.06
           1.06
           1.06
           1.05
           1.06
           1.06
           1.07
           1.08
           1.08
           1.08
           1.08
           1.08
           1.09
           1.10
           1.10
           1.10
           1.10
           1.10
           1.11
           1.12
           1.12
           1.13
           1.14
           1.13
           1.13
           1.14
           1.14
           1.15
           1.16
           1.16
           1.15
           1.16
           1.16
           1.17
           1.18
           1.18
           1.18
           1.18
           1.19
           1.20
           1.20
           1.20
           1.21
           1.22
           1.22
           1.22
           1.22
           1.22
           1.24
           1.24
           1.24
           1.24
           1.24
           1.25
           1.26
           1.26
           1.26
           1.26
           1.27
           1.28
           1.28
           1.29
           1.28
           1.30
           1.31
           1.31
           1.31
           1.31
           1.31
           1.33
           1.33
           1.34
           1.33
           1.33
           1.35
           1.36
           1.36
           1.35
           1.35
           1.37
           1.38
           1.38
           1.38
           1.37
           1.39
           1.41
           1.42
           1.42
           1.41
           1.41
           1.43
           1.44
           1.44
           1.44
           1.44
           1.45
           1.46
           1.46
           1.46
           1.46
           1.48
           1.48
           1.48
           1.48
           1.49
           1.50
           1.51
           1.53
           1.53
           1.54
           1.53
           1.54
           1.55
           1.56
           1.56
           1.56
           1.57
           1.58
           1.58
           1.58
           1.59
           1.60
           1.61
           1.60
           1.61
           1.63
           1.63
           1.63
           1.65
           1.67
           1.67
           1.67
           1.67
           1.69
           1.70
           1.70
           1.70
           1.71
           1.72
           1.72
           1.73
           1.74
           1.75
           1.75
           1.76
           1.77
           1.78
           1.77
           1.79
           1.80
           1.82
           1.83
           1.84
           1.84
           1.85
           1.86
           1.87
           1.87
           1.89
           1.90
           1.90
           1.91
           1.92
           1.92
           1.93
           1.94
           1.95
           1.95
           1.97
           1.98
           1.98
           2.01
           2.03
           2.04
           2.05
           2.05
           2.07
           2.08
           2.08
           2.10
           2.11
           2.11
           2.13
           2.14
           2.14
           2.16
           2.17
           2.18
           2.19
           2.20
           2.21
           2.23
           2.24
           2.27
           2.30
           2.31
           2.32
           2.34
           2.35
           2.35
           2.37
           2.39
           2.40
           2.42
           2.43
           2.44
           2.46
           2.47
           2.49
           2.50
           2.52
           2.53
           2.55
           2.56
           2.59
           2.63
           2.66
           2.68
           2.69
           2.71
           2.72
           2.75
           2.76
           2.78
           2.80
           2.82
           2.84
           2.86
           2.88
           2.90
           2.92
           2.94
           2.97
           2.99
           3.01
           3.04
           3.10
           3.14
           3.18
           3.20
           3.23
           3.25
           3.28
           3.30
           3.34
           3.36
           3.39
           3.42
           3.45
           3.48
           3.51
           3.55
           3.58
           3.62
           3.65
           3.69
           3.73
           3.80
           3.87
           3.94
           3.99
           4.02
           4.07
           4.11
           4.15
           4.20
           4.25
           4.30
           4.35
           4.40
           4.45
           4.51
           4.57
           4.62
           4.69
           4.75
           4.81
           4.88
           4.98
           5.11
           5.23
           5.34
           5.42
           5.50
           5.58
           5.67
           5.76
           5.85
           5.95
           6.05
           6.16
           6.27
           6.38
           6.51
           6.63
           6.77
           6.91
           7.05
           7.22
           7.41
           7.68
           7.94
           8.20
           8.44
           8.65
           8.86
           9.08
           9.31
           9.56
           9.83
          10.11
          10.42
          10.74
          11.10
          11.47
          11.88
          12.31
          12.78
          13.27
          13.79
          14.58
          15.42
          16.21
          17.10
          17.99
          18.87
          19.72
          20.53
          21.29
          22.00
          22.72
          23.44
          24.11
          24.64
          25.01
          25.20
          25.20
          25.02
          24.65
          24.12
          23.46
          22.73
          21.98
          21.25
          20.50
          19.70
          18.86
          17.99
          17.11
          16.23
          15.36
          14.45
          13.67
          13.14
          12.65
          12.17
          11.73
          11.31
          10.93
          10.57
          10.24
           9.93
           9.64
           9.37
           9.12
           8.88
           8.65
           8.44
           8.24
           8.02
           7.78
           7.54
           7.28
           7.03
           6.84
           6.69
           6.55
           6.42
           6.29
           6.17
           6.05
           5.94
           5.83
           5.73
           5.63
           5.53
           5.44
           5.35
           5.27
           5.19
           5.11
           5.03
           4.93
           4.82
           4.70
           4.59
           4.52
           4.46
           4.40
           4.34
           4.28
           4.23
           4.17
           4.12
           4.07
           4.02
           3.97
           3.93
           3.88
           3.84
           3.80
           3.75
           3.71
           3.67
           3.61
           3.55
           3.48
           3.43
           3.39
           3.36
           3.32
           3.29
           3.26
           3.23
           3.20
           3.17
           3.14
           3.11
           3.08
           3.05
           3.03
           3.00
           2.98
           2.95
           2.93
           2.90
           2.86
           2.82
           2.77
           2.75
           2.73
           2.70
           2.68
           2.66
           2.64
           2.62
           2.60
           2.58
           2.56
           2.55
           2.52
           2.51
           2.49
           2.47
           2.46
           2.44
           2.42
           2.40
           2.38
           2.35
           2.32
           2.30
           2.29
           2.27
           2.26
           2.24
           2.23
           2.22
           2.20
           2.19
           2.18
           2.16
           2.15
           2.14
           2.12
           2.11
           2.10
           2.09
           2.08
           2.06
           2.04
           2.02
           2.00
           1.99
           1.98
           1.97
           1.95
           1.95
           1.94
           1.92
           1.92
           1.90
           1.89
           1.89
           1.88
           1.86
           1.86
           1.85
           1.84
           1.83
           1.82
           1.81
           1.80
           1.78
           1.77
           1.76
           1.75
           1.74
           1.73
           1.72
           1.72
           1.71
           1.70
           1.69
           1.69
           1.68
           1.67
           1.66
           1.66
           1.65
           1.64
           1.63
           1.63
           1.62
           1.61
           1.59
           1.58
           1.58
           1.57
           1.56
           1.55
           1.55
           1.55
           1.54
           1.53
           1.53
           1.52
           1.51
           1.51
           1.50
           1.50
           1.49
           1.48
           1.48
           1.48
           1.47
           1.46
           1.44
           1.44
           1.43
           1.42
           1.42
           1.42
           1.41
           1.40
           1.40
           1.40
           1.39
           1.39
           1.38
           1.38
           1.38
           1.37
           1.36
           1.36
           1.36
           1.35
           1.35
           1.34
           1.33
           1.32
           1.32
           1.31
           1.31
           1.30
           1.30
           1.30
           1.29
           1.29
           1.28
           1.28
           1.28
           1.27
           1.27
           1.26
           1.26
           1.26
           1.25
           1.25
           1.25
           1.24
           1.23
           1.22
           1.22
           1.22
           1.21
           1.21
           1.21
           1.21
           1.20
           1.20
           1.19
           1.19
           1.19
           1.19
           1.18
           1.18
           1.17
           1.17
           1.17
           1.17
           1.16
           1.15
           1.15
           1.15
           1.14
           1.14
           1.13
           1.13
           1.13
           1.13
           1.12
           1.12
           1.11
           1.11
           1.11
           1.11
           1.11
           1.10
           1.10
           1.10
           1.10
           1.09
           1.09
           1.08
           1.08
           1.08
           1.07
           1.07
           1.07
           1.07
           1.06
           1.06
           1.05
           1.05
           1.05
           1.05
           1.05
           1.05
           1.04
           1.04
           1.04
           1.04
           1.03
           1.03
           1.03
           1.02
           1.02
           1.01
           1.01
           1.01
           1.01
           1.01
           1.00
           1.00
           0.99
           1.00
           1.00
           0.99
           0.99
           0.99
           0.98
           0.98
           0.98
           0.98
           0.98
           0.98
           0.97
           0.97
           0.96
           0.96
           0.96
           0.96
           0.96
           0.96
           0.95
           0.95
           0.95
           0.95
           0.95
           0.95
           0.94
           0.94
           0.94
           0.93
           0.93
           0.93
           0.93
           0.93
           0.93
           0.92
           0.92
           0.92
           0.92
           0.92
           0.91
           0.91
           0.91
           0.90
           0.90
           0.91
           0.90
           0.90
           0.90
           0.90
           0.89
           0.89
           0.89
           0.89
           0.89
           0.89
           0.89
           0.88
           0.88
           0.88
           0.88
           0.88
           0.87
           0.87
           0.87
           0.87
           0.87
           0.87
           0.87
           0.86
           0.86
           0.86
           0.86
           0.86
           0.86
           0.86
           0.85
           0.85
           0.85
           0.85
           0.85
           0.84
           0.84
           0.84
           0.84
           0.84
           0.83
           0.83
           0.83
           0.83
           0.83
           0.83
           0.83
           0.82
           0.82
           0.82
           0.82
           0.82
           0.82
           0.82
           0.82
           0.81
           0.81
           0.81
           0.81
           0.81
           0.81
           0.80
           0.80
           0.80
           0.80
           0.80
           0.80
           0.80
           0.80
           0.79
           0.79
           0.79
           0.79
           0.79
           0.79
           0.79
           0.79
           0.79
           0.78
           0.78
           0.78
           0.78
           0.78
           0.78
           0.78
           0.78
           0.78
           0.77
           0.77
           0.77
           0.77
           0.77
           0.76
           0.77
           0.77
           0.77
           0.76
           0.76
           0.76
           0.76
           0.76
           0.76
           0.75
           0.75
           0.75
           0.75
           0.75
           0.75
           0.75
           0.75
           0.75
           0.74
           0.74
           0.74
           0.74
           0.74
           0.74
           0.74
           0.74
           0.74
           0.74
           0.73
           0.73
           0.73
           0.73
           0.73
           0.73
           0.73
           0.73
           0.73
           0.73
           0.73
           0.72
           0.72
           0.72
           0.72
           0.72
           0.72
           0.72
           0.72
           0.72
           0.72
           0.72
           0.71
           0.71
           0.71
           0.71
           0.71
           0.71
           0.71
           0.71
           0.71
           0.71
           0.70
           0.70
           0.70
           0.70
           0.70
           0.70
           0.70
           0.70
           0.70
           0.70
           0.70
           0.70
           0.69
           0.69
           0.69
           0.69
           0.69
           0.69
           0.69
           0.69
           0.69
           0.69
           0.68
           0.68
           0.68
           0.68
           0.68
           0.68
           0.68
           0.68
           0.68
           0.68
           0.68
           0.68
           0.67
           0.67
           0.67
           0.67
           0.67
           0.67
           0.67
           0.67
           0.67
           0.67
           0.67
           0.66
           0.66
           0.66
           0.66
           0.66
           0.66
           0.66
           0.66
           0.66
           0.66
           0.66
           0.66
           0.66
           0.66
           0.66
           0.66
           0.66
           0.65
           0.65
           0.65
           0.65
           0.65
           0.65
           0.65
           0.65
           0.65
           0.65
           0.65
           0.65
           0.65
           0.65
           0.65
           0.64
           0.64
           0.64
           0.64
           0.64
           0.64
           0.64
           0.64
           0.64
           0.64
           0.64
           0.64
           0.63
           0.63
           0.63
           0.63
           0.63
           0.63
           0.63
           0.63
           0.63
           0.63
           0.63
           0.63
           0.63
           0.63
           0.63
           0.63
           0.63
           0.63
           0.62
           0.62
           0.62
           0.62
           0.62
           0.62
           0.62
           0.62
           0.62
           0.62
           0.62
           0.62
           0.62
           0.62
           0.62
           0.61
           0.61
           0.61
           0.61
           0.61
           0.61
           0.61
           0.61
           0.61
           0.61
           0.61
           0.61
           0.61
           0.61
           0.61
           0.61
           0.61
           0.61
           0.61
           0.61
           0.60
           0.60
           0.60
           0.60
           0.60
           0.60
           0.60
           0.60
           0.60
           0.60
           0.60
           0.60
           0.60
           0.60
           0.60
           0.60
           0.59
           0.59
           0.59
           0.59
           0.59
           0.59
           0.59
           0.59
           0.59
           0.59
           0.59
           0.59
           0.59
           0.59
           0.59
           0.59
           0.59
           0.59
           0.59
           0.59
           0.59
           0.58
           0.58
           0.58
           0.58
           0.58
           0.58
           0.58
           0.58
           0.58
           0.58
           0.58
           0.58
           0.58
           0.58
           0.58
           0.58
           0.58
           0.58
           0.58
           0.58
           0.58
           0.57
           0.57
           0.57
           0.57
           0.57
           0.57
           0.57
           0.57
           0.57
           0.57
           0.57
           0.57
           0.57
           0.57
           0.57
           0.57
           0.57
           0.57
           0.57
           0.57
           0.57
           0.57
           0.56
           0.56
           0.56
           0.56
           0.56
           0.56
           0.56
           0.56
           0.56
           0.56
           0.56
           0.56
           0.56
           0.56
           0.56
           0.56
           0.56
           0.56
           0.56
           0.56
           0.56
           0.56
           0.56
           0.55
           0.55
           0.55
           0.55
           0.55
           0.55
           0.55
           0.55
           0.55
           0.55
           0.55
           0.55
           0.55
           0.55
           0.55
           0.55
           0.55
           0.55
           0.55
           0.55
           0.55
           0.55
           0.55
           0.55
           0.55
           0.55
           0.55
           0.55
           0.55
           0.54
           0.54
           0.54
           0.54
           0.54
           0.54
           0.54
           0.54
           0.54
           0.54
           0.54
           0.54
           0.54
           0.54
           0.54
           0.54
           0.54
           0.54
           0.54
           0.54
           0.54
           0.54
           0.54
           0.54
           0.54
           0.54
           0.53
           0.53
           0.53
           0.53
           0.53
           0.53
           0.53
           0.53
           0.53
           0.53
           0.53
           0.53
           0.53
           0.53
           0.53
           0.53
           0.53
           0.53
           0.53
           0.53
           0.53
           0.53
           0.53
           0.53
           0.53
           0.53
           0.53
           0.53
           0.52
           0.52
           0.52
           0.52
           0.52
           0.52
           0.52
           0.52
           0.52
           0.52
           0.52
           0.52
           0.52
           0.52
           0.52
           0.52
           0.52
           0.52
           0.52
           0.52
           0.52
           0.52
           0.52
           0.52
           0.52
           0.52
           0.52
           0.52
           0.52
           0.52
           0.52
           0.52
           0.52
           0.52
           0.51
           0.51
           0.51
           0.51
           0.51
           0.51
           0.51
           0.51
           0.51
           0.51
           0.51
           0.51
           0.51
           0.51
           0.51
           0.51
           0.51
           0.51
           0.51
           0.51
           0.51
           0.51
           0.51
           0.51
           0.51
           0.51
           0.51
           0.51
           0.51
           0.51
           0.51
           0.51
           0.50
           0.50
           0.50
           0.50
           0.50
           0.50
           0.50
           0.50
           0.50
           0.50
           0.50
           0.50
           0.50
           0.50
           0.50
           0.50
           0.50
           0.50
           0.50
           0.50
           0.50
           0.50
           0.50
           0.50
           0.50
           0.50
